1:ItNr	2:Metric	2:Metric0	2:Metric1	3a:Time	3b:StepSize	4:||Gradient0||	4:||Gradient1||	4:||Gradient||	Time0[ms]	Time1[ms]	Time[ms]
0	-0.601534	-0.601534	0.000000	0.000000	805.490601	0.004031	0.000000	0.004031	18.5	24.3	38134.0
1	-0.618290	-0.618291	0.000000	0.000000	805.490601	0.004285	0.000000	0.004285	9.6	15.2	26.3
2	-0.613583	-0.613584	0.000000	0.000000	805.490601	0.004183	0.000000	0.004183	11.0	9.5	22.0
3	-0.631946	-0.631946	0.000000	0.000000	805.490601	0.004478	0.000000	0.004478	7.7	9.3	18.9
4	-0.625298	-0.625299	0.000001	0.000000	805.490601	0.004837	0.000001	0.004837	8.0	8.3	17.7
5	-0.604704	-0.604704	0.000001	0.000000	805.490601	0.004935	0.000001	0.004935	8.5	8.7	19.1
6	-0.605011	-0.605011	0.000001	0.000000	805.490601	0.004152	0.000001	0.004152	7.7	11.4	22.7
7	-0.601086	-0.601086	0.000001	0.000000	805.490601	0.004711	0.000001	0.004711	8.0	8.2	18.1
8	-0.593177	-0.593178	0.000002	0.000000	805.490601	0.004952	0.000001	0.004952	9.3	18.0	29.3
9	-0.598096	-0.598096	0.000001	0.000000	805.490601	0.004475	0.000001	0.004475	9.0	9.0	19.4
10	-0.591863	-0.591863	0.000002	0.000000	805.490601	0.004101	0.000001	0.004101	8.0	8.7	18.3
11	-0.642761	-0.642762	0.000002	0.992004	769.156946	0.005176	0.000001	0.005176	17.7	8.9	31.4
12	-0.623527	-0.623528	0.000002	0.021321	804.673630	0.004969	0.000001	0.004969	9.3	17.7	28.3
13	-0.605263	-0.605264	0.000002	0.000000	805.490601	0.003682	0.000001	0.003682	11.8	8.1	23.4
14	-0.607957	-0.607958	0.000002	0.712626	779.053762	0.004951	0.000001	0.004951	8.2	8.8	19.2
15	-0.607493	-0.607494	0.000003	1.712625	744.753302	0.004829	0.000001	0.004829	20.4	10.2	32.8
16	-0.590220	-0.590220	0.000002	0.741942	778.003295	0.004606	0.000001	0.004606	17.2	9.5	32.0
17	-0.617705	-0.617706	0.000003	1.739317	743.879104	0.005716	0.000001	0.005716	8.2	8.5	18.5
18	-0.576527	-0.576528	0.000003	2.626720	715.939534	0.003218	0.000001	0.003217	10.3	9.4	21.6
19	-0.601713	-0.601714	0.000004	1.656037	746.613495	0.006007	0.000001	0.006007	13.3	19.5	38.0
20	-0.613407	-0.613408	0.000003	0.685353	780.033521	0.003838	0.000001	0.003838	9.3	9.1	20.4
21	-0.609508	-0.609509	0.000004	0.015954	804.879139	0.004189	0.000001	0.004189	8.0	10.3	20.1
22	-0.635249	-0.635250	0.000004	0.000000	805.490601	0.003524	0.000001	0.003524	15.9	10.8	29.0
23	-0.627687	-0.627689	0.000004	0.000000	805.490601	0.004855	0.000001	0.004855	21.2	11.6	34.6
24	-0.599395	-0.599396	0.000004	0.000000	805.490601	0.004662	0.000001	0.004662	8.7	8.6	19.0
25	-0.607625	-0.607627	0.000004	0.000000	805.490601	0.003941	0.000001	0.003941	36.8	11.6	50.3
26	-0.606259	-0.606260	0.000004	0.000000	805.490601	0.004002	0.000001	0.004002	8.7	7.9	18.2
27	-0.630117	-0.630118	0.000005	0.000000	805.490601	0.004301	0.000001	0.004301	7.9	9.7	19.6
28	-0.598508	-0.598509	0.000005	0.000000	805.490601	0.004731	0.000001	0.004731	9.5	24.5	36.1
29	-0.602329	-0.602331	0.000005	0.000000	805.490601	0.004827	0.000001	0.004827	43.5	17.6	63.1
30	-0.603799	-0.603800	0.000005	0.000000	805.490601	0.005609	0.000001	0.005609	7.9	7.9	17.4
31	-0.592142	-0.592143	0.000005	0.000000	805.490601	0.004073	0.000001	0.004073	8.6	8.7	18.7
32	-0.595334	-0.595335	0.000006	0.000000	805.490601	0.004337	0.000001	0.004337	8.0	8.1	17.8
33	-0.615536	-0.615538	0.000006	0.030036	804.340181	0.004984	0.000002	0.004984	8.7	8.2	18.5
34	-0.620339	-0.620340	0.000006	0.000000	805.490601	0.003815	0.000001	0.003815	7.9	8.9	18.7
35	-0.600164	-0.600166	0.000005	0.000000	805.490601	0.004450	0.000001	0.004450	8.1	8.2	17.8
36	-0.599504	-0.599506	0.000007	0.000000	805.490601	0.005162	0.000002	0.005162	8.2	9.2	19.2
37	-0.591625	-0.591628	0.000007	0.000000	805.490601	0.003907	0.000002	0.003907	7.8	8.7	18.4
38	-0.617869	-0.617871	0.000007	0.000000	805.490601	0.004736	0.000002	0.004736	15.2	18.9	36.0
39	-0.625270	-0.625273	0.000007	0.000000	805.490601	0.004346	0.000002	0.004346	15.7	7.7	25.2
40	-0.608931	-0.608933	0.000007	0.000000	805.490601	0.005682	0.000002	0.005682	9.0	9.7	20.2
41	-0.622914	-0.622916	0.000007	0.000000	805.490601	0.004294	0.000002	0.004294	7.6	7.8	16.8
42	-0.606903	-0.606906	0.000008	0.000000	805.490601	0.004345	0.000002	0.004345	10.5	12.7	24.6
43	-0.601380	-0.601382	0.000008	0.000000	805.490601	0.004590	0.000002	0.004590	22.6	10.7	34.8
44	-0.624452	-0.624455	0.000008	0.000000	805.490601	0.004221	0.000002	0.004221	8.9	9.1	19.4
45	-0.621427	-0.621430	0.000009	0.982296	769.496639	0.005102	0.000002	0.005102	7.8	9.8	19.6
46	-0.625053	-0.625056	0.000009	0.035099	804.146562	0.005296	0.000002	0.005296	10.3	24.1	36.0
47	-0.598690	-0.598693	0.000008	1.035098	767.652690	0.004180	0.000002	0.004180	18.1	8.6	28.8
48	-0.630647	-0.630649	0.000008	2.034898	734.333734	0.003923	0.000002	0.003923	20.2	9.1	31.3
49	-0.599796	-0.599799	0.000009	1.064215	766.639680	0.003772	0.000002	0.003772	16.6	9.1	27.3
50	-0.637830	-0.637833	0.000009	2.064212	733.400415	0.003771	0.000002	0.003771	9.0	8.7	19.1
51	-0.593645	-0.593648	0.000009	1.093529	765.622490	0.004612	0.000002	0.004612	7.7	7.8	16.8
52	-0.628879	-0.628882	0.000008	0.122846	800.806044	0.003694	0.000002	0.003694	9.0	8.0	18.6
53	-0.615397	-0.615399	0.000010	0.000000	805.490601	0.004506	0.000002	0.004506	7.6	8.3	17.9
54	-0.594102	-0.594105	0.000011	0.506547	786.518761	0.003626	0.000002	0.003626	7.7	7.8	16.9
55	-0.605507	-0.605511	0.000011	0.000000	805.490601	0.003883	0.000002	0.003883	7.7	8.4	17.8
56	-0.619748	-0.619751	0.000011	0.000000	805.490601	0.004748	0.000002	0.004748	7.7	8.0	17.1
57	-0.613968	-0.613971	0.000011	0.000000	805.490601	0.004800	0.000002	0.004800	7.8	9.7	19.1
58	-0.626691	-0.626695	0.000011	0.000000	805.490601	0.003875	0.000002	0.003875	7.7	7.8	17.0
59	-0.602457	-0.602460	0.000011	1.000000	768.877394	0.004095	0.000002	0.004095	8.2	9.5	19.9
60	-0.607790	-0.607793	0.000010	0.029350	804.366418	0.004350	0.000002	0.004350	7.9	9.0	18.7
61	-0.624404	-0.624408	0.000013	0.000000	805.490601	0.004619	0.000002	0.004619	30.8	9.9	42.3
62	-0.628816	-0.628819	0.000011	0.000000	805.490601	0.004224	0.000002	0.004224	8.2	11.4	21.3
63	-0.602569	-0.602572	0.000012	0.999995	768.877551	0.004251	0.000002	0.004251	19.7	22.9	44.8
64	-0.613867	-0.613870	0.000011	0.035111	804.146094	0.004238	0.000002	0.004238	11.7	8.0	21.9
65	-0.619902	-0.619906	0.000012	0.000000	805.490601	0.003981	0.000002	0.003981	8.9	8.2	18.9
66	-0.604915	-0.604918	0.000012	0.999991	768.877693	0.003738	0.000002	0.003738	7.9	10.7	20.4
67	-0.634463	-0.634466	0.000013	0.029308	804.367998	0.005840	0.000002	0.005840	10.3	8.5	20.8
68	-0.617407	-0.617410	0.000013	0.000000	805.490601	0.004075	0.000002	0.004075	17.4	8.6	28.1
69	-0.581239	-0.581243	0.000014	1.000000	768.877392	0.004572	0.000002	0.004572	8.1	9.4	19.6
70	-0.597959	-0.597963	0.000013	2.000000	735.447940	0.004836	0.000002	0.004836	15.7	8.7	26.2
71	-0.606091	-0.606096	0.000014	1.029317	767.854159	0.004279	0.000002	0.004279	8.6	8.2	18.2
72	-0.607798	-0.607802	0.000016	2.029317	734.511695	0.004801	0.000003	0.004801	8.4	12.9	22.9
73	-0.594599	-0.594603	0.000014	2.756673	712.023212	0.003688	0.000002	0.003688	10.9	13.1	25.7
74	-0.619372	-0.619376	0.000015	3.491805	690.651522	0.005186	0.000002	0.005186	18.0	14.1	34.0
75	-0.595249	-0.595253	0.000014	4.491805	663.558442	0.004149	0.000002	0.004149	7.7	8.5	17.7
76	-0.615843	-0.615848	0.000015	3.521122	689.825793	0.003964	0.000002	0.003964	19.3	8.7	33.0
77	-0.598264	-0.598268	0.000014	2.550439	718.258478	0.003717	0.000002	0.003717	9.7	19.2	31.5
78	-0.617740	-0.617744	0.000014	1.579756	749.135753	0.005006	0.000002	0.005006	8.9	8.7	19.4
79	-0.615026	-0.615030	0.000014	2.579756	717.365466	0.004598	0.000002	0.004598	8.3	18.4	29.6
80	-0.594770	-0.594775	0.000014	1.609073	748.164351	0.003380	0.000002	0.003380	8.0	17.1	30.7
81	-0.616769	-0.616773	0.000015	0.651737	781.244599	0.006044	0.000002	0.006044	8.1	8.1	17.9
82	-0.621918	-0.621922	0.000016	1.651737	746.755209	0.004489	0.000002	0.004488	9.4	20.7	34.3
83	-0.602785	-0.602790	0.000017	1.072496	766.352051	0.004100	0.000003	0.004100	19.9	8.3	33.3
84	-0.617241	-0.617245	0.000014	2.072496	733.137090	0.004252	0.000002	0.004252	8.5	8.4	18.6
85	-0.605884	-0.605889	0.000017	3.072496	702.681707	0.004639	0.000003	0.004639	8.7	18.0	28.5
86	-0.603907	-0.603911	0.000015	2.101944	732.202558	0.004498	0.000002	0.004498	24.6	9.1	35.8
87	-0.613110	-0.613115	0.000016	3.018848	704.251198	0.003776	0.000002	0.003776	7.7	8.4	18.3
88	-0.619946	-0.619951	0.000015	4.015441	676.194451	0.004970	0.000002	0.004970	9.1	9.5	20.4
89	-0.629635	-0.629640	0.000017	3.044758	703.492314	0.004008	0.000003	0.004008	9.6	22.0	33.6
90	-0.613165	-0.613170	0.000016	2.074076	733.086892	0.003865	0.000003	0.003865	48.7	8.9	59.5
91	-0.615079	-0.615084	0.000018	1.103401	765.280531	0.005144	0.000003	0.005144	7.6	8.6	17.5
92	-0.606117	-0.606122	0.000017	2.101690	732.210601	0.004611	0.000003	0.004611	8.2	7.9	17.7
93	-0.639560	-0.639565	0.000018	1.131007	764.325923	0.003874	0.000003	0.003874	8.1	9.3	19.4
94	-0.593761	-0.593767	0.000017	0.160324	799.387684	0.003816	0.000003	0.003816	7.9	8.0	17.7
95	-0.622608	-0.622613	0.000017	0.000000	805.490601	0.003392	0.000003	0.003392	8.7	9.3	19.5
96	-0.637910	-0.637915	0.000017	0.856880	773.912039	0.004453	0.000003	0.004453	8.0	8.6	18.4
97	-0.622526	-0.622532	0.000017	1.851121	740.239498	0.004790	0.000003	0.004790	8.2	8.3	18.0
98	-0.625982	-0.625987	0.000017	0.880438	773.078782	0.003628	0.000003	0.003628	8.0	17.6	27.1
99	-0.600457	-0.600463	0.000018	1.736580	743.968639	0.004100	0.000003	0.004100	19.1	16.0	36.7
100	-0.615408	-0.615414	0.000018	0.861940	773.732927	0.003902	0.000003	0.003902	7.3	8.8	17.8
101	-0.628868	-0.628874	0.000019	1.337428	757.262772	0.005466	0.000003	0.005466	8.7	8.2	18.5
102	-0.616250	-0.616256	0.000019	0.366745	791.664931	0.003591	0.000003	0.003591	8.7	9.5	21.5
103	-0.601136	-0.601142	0.000019	0.000000	805.490601	0.003564	0.000003	0.003563	25.5	20.5	47.3
104	-0.619201	-0.619207	0.000020	0.996650	768.994480	0.004050	0.000003	0.004050	8.3	9.0	18.7
105	-0.626189	-0.626194	0.000018	1.996650	735.555067	0.003749	0.000003	0.003748	8.0	9.3	18.9
106	-0.602917	-0.602922	0.000018	2.996650	704.902661	0.003774	0.000003	0.003774	10.7	27.8	40.5
107	-0.601257	-0.601263	0.000019	2.025975	734.618303	0.004254	0.000003	0.004254	32.5	9.1	43.7
108	-0.632072	-0.632077	0.000020	1.055292	766.949843	0.003683	0.000003	0.003683	9.4	12.5	24.0
109	-0.619165	-0.619171	0.000020	2.054246	733.717445	0.004438	0.000003	0.004438	8.7	8.0	18.7
110	-0.616032	-0.616039	0.000021	1.083563	765.967997	0.004583	0.000003	0.004583	8.4	8.6	19.1
111	-0.636526	-0.636531	0.000020	0.112880	801.184043	0.003718	0.000003	0.003718	7.8	8.0	17.5
112	-0.623340	-0.623346	0.000020	0.000000	805.490601	0.003769	0.000003	0.003769	8.3	7.8	17.6
113	-0.611076	-0.611083	0.000021	0.909768	772.043892	0.004560	0.000003	0.004560	7.7	8.4	17.7
114	-0.620690	-0.620696	0.000021	0.000000	805.490601	0.004982	0.000003	0.004982	7.7	7.8	17.0
115	-0.608968	-0.608975	0.000022	0.000000	805.490601	0.003202	0.000003	0.003201	7.9	8.8	18.4
116	-0.631873	-0.631879	0.000021	0.000000	805.490601	0.003972	0.000003	0.003972	7.5	7.8	16.7
117	-0.615665	-0.615672	0.000022	0.000000	805.490601	0.004083	0.000003	0.004083	8.0	9.8	19.3
118	-0.615795	-0.615802	0.000023	0.000000	805.490601	0.004317	0.000003	0.004317	7.6	7.9	16.8
119	-0.628447	-0.628454	0.000024	0.000000	805.490601	0.004018	0.000003	0.004018	8.4	8.9	18.7
120	-0.609427	-0.609434	0.000022	0.000000	805.490601	0.004047	0.000003	0.004047	7.9	8.7	18.5
121	-0.620698	-0.620705	0.000023	0.000000	805.490601	0.004223	0.000003	0.004223	25.7	9.1	36.7
122	-0.640997	-0.641003	0.000022	0.000000	805.490601	0.003610	0.000003	0.003610	26.1	10.7	38.6
123	-0.605346	-0.605353	0.000021	0.814031	775.432227	0.004131	0.000003	0.004131	22.7	7.5	32.0
124	-0.599395	-0.599403	0.000027	0.000000	805.490601	0.004724	0.000003	0.004723	7.6	8.0	17.0
125	-0.605618	-0.605625	0.000024	0.000000	805.490601	0.004041	0.000003	0.004041	9.1	8.8	19.3
126	-0.620382	-0.620389	0.000023	0.999508	768.894600	0.003460	0.000003	0.003460	7.4	8.0	17.2
127	-0.621212	-0.621219	0.000022	1.999508	735.463684	0.003694	0.000003	0.003694	10.2	8.1	19.9
128	-0.638021	-0.638028	0.000023	2.999507	704.818744	0.004471	0.000003	0.004471	9.9	10.5	22.8
129	-0.592669	-0.592676	0.000023	3.999507	676.625442	0.003941	0.000003	0.003941	7.5	8.1	17.1
130	-0.624056	-0.624063	0.000025	3.028824	703.958817	0.004172	0.000003	0.004172	9.1	9.7	20.3
131	-0.555462	-0.555470	0.000025	2.058141	733.593509	0.003790	0.000003	0.003790	15.4	8.2	25.4
132	-0.625497	-0.625505	0.000026	1.087458	765.832927	0.003590	0.000003	0.003590	8.1	8.3	18.5
133	-0.603509	-0.603516	0.000023	2.087315	732.666501	0.004146	0.000003	0.004146	9.5	19.0	30.1
134	-0.612276	-0.612283	0.000025	3.087305	702.249686	0.004034	0.000003	0.004034	12.0	18.2	33.9
135	-0.604963	-0.604972	0.000027	4.087305	674.257454	0.003473	0.000003	0.003473	9.1	8.4	21.5
136	-0.615353	-0.615362	0.000028	3.477596	691.052454	0.004561	0.000003	0.004560	8.4	17.5	27.9
137	-0.626264	-0.626271	0.000023	2.704545	713.588997	0.003403	0.000003	0.003403	9.2	17.2	28.8
138	-0.594709	-0.594716	0.000024	3.704405	684.707946	0.003732	0.000003	0.003732	12.0	8.6	23.3
139	-0.629235	-0.629243	0.000029	4.704405	658.070180	0.003840	0.000004	0.003840	8.6	10.7	21.3
140	-0.614490	-0.614498	0.000026	3.933470	678.417500	0.004078	0.000003	0.004077	19.8	18.1	43.2
141	-0.613834	-0.613842	0.000027	4.933470	652.257580	0.004408	0.000003	0.004407	8.8	8.7	19.0
142	-0.590316	-0.590324	0.000028	3.962787	677.620749	0.003813	0.000003	0.003813	8.2	13.2	23.0
143	-0.643354	-0.643362	0.000026	2.992104	705.036226	0.005026	0.000003	0.005026	12.1	12.2	26.2
144	-0.629204	-0.629213	0.000028	2.021541	734.759778	0.003670	0.000003	0.003670	19.2	9.8	32.5
145	-0.621966	-0.621974	0.000027	1.050858	767.104046	0.004175	0.000003	0.004175	7.4	8.6	17.7
146	-0.611742	-0.611750	0.000027	0.183359	798.518433	0.004732	0.000003	0.004732	19.7	24.7	46.6
147	-0.630897	-0.630906	0.000030	0.000000	805.490601	0.004689	0.000004	0.004689	8.4	8.4	18.4
148	-0.620755	-0.620764	0.000029	1.000000	768.877392	0.004632	0.000003	0.004632	7.7	9.6	19.3
149	-0.622293	-0.622302	0.000028	0.030288	804.330527	0.003740	0.000003	0.003740	9.1	9.4	20.3
150	-0.605103	-0.605111	0.000028	0.000000	805.490601	0.004238	0.000003	0.004238	33.5	12.5	48.0
151	-0.635952	-0.635961	0.000029	0.999999	768.877429	0.004899	0.000004	0.004899	14.3	22.8	39.1
152	-0.609517	-0.609525	0.000027	0.029316	804.367708	0.003884	0.000003	0.003884	8.1	8.8	18.7
153	-0.617097	-0.617106	0.000031	0.000000	805.490601	0.005796	0.000004	0.005796	8.0	7.9	17.6
154	-0.614384	-0.614393	0.000030	0.000000	805.490601	0.004167	0.000003	0.004167	8.1	9.1	19.0
155	-0.583112	-0.583121	0.000031	0.000000	805.490601	0.004551	0.000004	0.004551	8.0	8.1	17.5
156	-0.631006	-0.631015	0.000030	0.000000	805.490601	0.003999	0.000003	0.003999	8.7	8.9	19.0
157	-0.611331	-0.611340	0.000030	0.000000	805.490601	0.005130	0.000003	0.005129	7.9	8.7	19.2
158	-0.633270	-0.633279	0.000030	0.000000	805.490601	0.003589	0.000003	0.003588	8.2	8.2	18.2
159	-0.625359	-0.625367	0.000028	0.000000	805.490601	0.005153	0.000003	0.005153	19.0	24.2	44.6
160	-0.629259	-0.629268	0.000030	0.000000	805.490601	0.004104	0.000003	0.004104	19.7	7.9	29.1
161	-0.618119	-0.618129	0.000032	0.000000	805.490601	0.003999	0.000004	0.003999	9.0	9.4	19.9
162	-0.637604	-0.637613	0.000032	0.000000	805.490601	0.003368	0.000004	0.003368	7.5	8.1	17.9
163	-0.600679	-0.600689	0.000031	1.000000	768.877392	0.004160	0.000003	0.004160	11.0	23.9	37.6
164	-0.654217	-0.654227	0.000034	1.999986	735.448402	0.004707	0.000004	0.004707	18.4	8.8	29.7
165	-0.612368	-0.612378	0.000034	2.999958	704.805497	0.003572	0.000004	0.003572	7.6	7.7	16.7
166	-0.610243	-0.610253	0.000034	2.033597	734.375206	0.003512	0.000004	0.003512	9.3	10.2	21.5
167	-0.606325	-0.606334	0.000033	3.033597	703.819024	0.004318	0.000004	0.004318	9.3	30.4	41.7
168	-0.601455	-0.601465	0.000034	2.062914	733.441699	0.003995	0.000004	0.003995	18.5	18.7	39.3
169	-0.635023	-0.635033	0.000032	1.092231	765.667480	0.003811	0.000004	0.003811	9.8	15.9	27.7
170	-0.629591	-0.629600	0.000033	0.121548	800.855264	0.003591	0.000004	0.003590	7.6	8.8	18.0
171	-0.610370	-0.610380	0.000034	0.000000	805.490601	0.003855	0.000004	0.003855	7.6	7.8	16.8
172	-0.616229	-0.616239	0.000034	0.999999	768.877413	0.003559	0.000004	0.003559	8.1	9.2	18.6
173	-0.609588	-0.609598	0.000035	0.096048	801.823297	0.004556	0.000004	0.004556	7.8	7.8	17.0
174	-0.610406	-0.610416	0.000031	0.870019	773.447087	0.004016	0.000003	0.004016	8.6	8.7	18.7
175	-0.595285	-0.595296	0.000036	0.525629	785.821540	0.003494	0.000004	0.003494	7.8	7.7	17.1
176	-0.640778	-0.640787	0.000030	0.000000	805.490601	0.004032	0.000003	0.004032	8.6	7.8	17.9
177	-0.633190	-0.633199	0.000031	1.000000	768.877392	0.006978	0.000003	0.006978	7.9	8.4	18.9
178	-0.633641	-0.633651	0.000034	0.029317	804.367668	0.003613	0.000004	0.003613	7.9	8.0	17.7
179	-0.620475	-0.620485	0.000035	0.000000	805.490601	0.003842	0.000004	0.003842	7.8	9.1	19.0
180	-0.607108	-0.607119	0.000035	0.000000	805.490601	0.003558	0.000004	0.003558	8.3	20.5	30.6
181	-0.645505	-0.645516	0.000037	0.000000	805.490601	0.003779	0.000004	0.003779	18.3	19.1	39.3
182	-0.620395	-0.620408	0.000041	0.000000	805.490601	0.005434	0.000004	0.005434	12.2	8.2	22.3
183	-0.632077	-0.632088	0.000036	0.000000	805.490601	0.003713	0.000004	0.003713	27.4	10.6	39.9
184	-0.585319	-0.585330	0.000036	0.999998	768.877463	0.003378	0.000004	0.003378	7.3	8.3	17.6
185	-0.599090	-0.599099	0.000032	0.029315	804.367745	0.003397	0.000003	0.003397	9.1	8.9	19.6
186	-0.619162	-0.619173	0.000035	0.000000	805.490601	0.003627	0.000004	0.003627	7.7	8.0	17.3
187	-0.609121	-0.609133	0.000040	0.000000	805.490601	0.003970	0.000004	0.003970	10.8	8.2	21.1
188	-0.626066	-0.626077	0.000038	0.000000	805.490601	0.004154	0.000004	0.004154	15.5	8.3	28.7
189	-0.612527	-0.612538	0.000036	0.000000	805.490601	0.004766	0.000004	0.004766	8.1	10.0	20.0
190	-0.620136	-0.620147	0.000038	0.999997	768.877487	0.004459	0.000004	0.004459	14.2	8.2	24.4
191	-0.642935	-0.642945	0.000036	0.029314	804.367771	0.004395	0.000004	0.004395	9.2	8.4	19.3
192	-0.635176	-0.635188	0.000041	0.000000	805.490601	0.003993	0.000004	0.003992	8.3	18.9	28.6
193	-0.604386	-0.604398	0.000039	0.000000	805.490601	0.003631	0.000004	0.003630	9.7	9.1	22.1
194	-0.604233	-0.604245	0.000042	0.000000	805.490601	0.004422	0.000004	0.004422	14.6	13.1	30.4
195	-0.630353	-0.630365	0.000040	0.000000	805.490601	0.003613	0.000004	0.003613	7.8	8.1	17.6
196	-0.605091	-0.605104	0.000040	1.000000	768.877392	0.003396	0.000004	0.003395	8.3	17.3	27.2
197	-0.637881	-0.637893	0.000040	0.029317	804.367648	0.003627	0.000004	0.003627	10.9	19.2	32.4
198	-0.626885	-0.626897	0.000038	0.000000	805.490601	0.003895	0.000004	0.003895	9.7	10.0	23.1
199	-0.605381	-0.605392	0.000037	0.000000	805.490601	0.003541	0.000004	0.003541	8.3	17.3	28.5
200	-0.632931	-0.632943	0.000040	0.000000	805.490601	0.003586	0.000004	0.003586	8.5	8.0	20.0
201	-0.591908	-0.591921	0.000042	0.000000	805.490601	0.003935	0.000004	0.003935	21.0	10.3	32.7
202	-0.619780	-0.619792	0.000041	0.000000	805.490601	0.003886	0.000004	0.003886	7.9	8.5	18.2
203	-0.623608	-0.623621	0.000043	0.000000	805.490601	0.003953	0.000004	0.003953	8.3	19.4	31.9
204	-0.628698	-0.628710	0.000037	0.000000	805.490601	0.003798	0.000004	0.003798	8.0	15.6	26.4
205	-0.627360	-0.627372	0.000040	0.000000	805.490601	0.004106	0.000004	0.004106	11.4	8.3	22.6
206	-0.648990	-0.649002	0.000039	1.000000	768.877392	0.004141	0.000004	0.004141	20.3	23.8	46.1
207	-0.614103	-0.614115	0.000039	1.999918	735.450562	0.003737	0.000004	0.003737	7.3	8.5	17.4
208	-0.629775	-0.629788	0.000043	2.999918	704.806684	0.003763	0.000004	0.003762	7.7	10.3	19.5
209	-0.615694	-0.615705	0.000040	2.960589	705.963554	0.004021	0.000004	0.004021	8.7	9.6	19.8
210	-0.634348	-0.634361	0.000044	1.990630	735.747675	0.003998	0.000004	0.003998	10.6	31.1	43.2
211	-0.614112	-0.614125	0.000043	1.019947	768.180896	0.003492	0.000004	0.003492	10.0	9.8	21.9
212	-0.608822	-0.608834	0.000039	0.049264	803.605419	0.003679	0.000004	0.003679	20.0	9.0	31.1
213	-0.625724	-0.625736	0.000041	0.000000	805.490601	0.002930	0.000004	0.002930	8.7	8.5	18.9
214	-0.610571	-0.610584	0.000045	0.996104	769.013590	0.003443	0.000004	0.003443	7.8	8.1	17.7
215	-0.602998	-0.603010	0.000043	0.583181	783.726124	0.003268	0.000004	0.003268	8.3	8.0	17.8
216	-0.636117	-0.636130	0.000043	0.000000	805.490601	0.004088	0.000004	0.004088	7.9	8.8	18.5
217	-0.626582	-0.626595	0.000046	1.000000	768.877392	0.003239	0.000004	0.003238	7.8	8.0	18.0
218	-0.596356	-0.596369	0.000046	2.000000	735.447940	0.004112	0.000004	0.004112	8.5	9.7	19.7
219	-0.619714	-0.619727	0.000044	1.029317	767.854156	0.004920	0.000004	0.004920	8.0	8.2	17.6
220	-0.582842	-0.582855	0.000045	0.058634	803.247859	0.003549	0.000004	0.003549	30.2	15.0	47.0
221	-0.614131	-0.614144	0.000046	1.055472	766.943589	0.004618	0.000004	0.004618	13.0	8.5	23.1
222	-0.622978	-0.622991	0.000043	0.140074	800.153434	0.003300	0.000004	0.003300	8.7	8.1	18.2
223	-0.647328	-0.647340	0.000040	0.000000	805.490601	0.003523	0.000004	0.003523	7.9	8.8	18.5
224	-0.614081	-0.614095	0.000046	0.000000	805.490601	0.003794	0.000004	0.003794	11.9	34.1	48.0
225	-0.637255	-0.637268	0.000044	0.000000	805.490601	0.003507	0.000004	0.003507	8.7	9.5	19.7
226	-0.627283	-0.627297	0.000046	0.000000	805.490601	0.003684	0.000004	0.003684	8.0	9.3	19.9
227	-0.614969	-0.614982	0.000044	0.000000	805.490601	0.004169	0.000004	0.004169	10.0	34.1	46.2
228	-0.645683	-0.645698	0.000049	0.000000	805.490601	0.004941	0.000004	0.004941	11.9	10.9	25.1
229	-0.635107	-0.635121	0.000044	1.000000	768.877392	0.003935	0.000004	0.003935	22.7	11.9	36.2
230	-0.634868	-0.634881	0.000046	0.029317	804.367668	0.005201	0.000004	0.005201	7.9	7.7	17.0
231	-0.622073	-0.622087	0.000047	1.029189	767.858606	0.004530	0.000004	0.004530	8.4	8.6	18.4
232	-0.629342	-0.629356	0.000046	0.359029	791.950911	0.004603	0.000004	0.004603	8.0	7.8	17.8
233	-0.627860	-0.627874	0.000048	0.000000	805.490601	0.004546	0.000004	0.004546	8.8	8.0	18.2
234	-0.623915	-0.623931	0.000051	0.000000	805.490601	0.004784	0.000005	0.004784	7.5	8.3	17.6
235	-0.609538	-0.609552	0.000047	0.435273	789.133983	0.004533	0.000004	0.004533	8.3	7.8	17.4
236	-0.620035	-0.620049	0.000047	0.000000	805.490601	0.003802	0.000004	0.003802	7.5	8.4	17.8
237	-0.623955	-0.623970	0.000049	0.000000	805.490601	0.004049	0.000004	0.004049	7.5	7.8	16.7
238	-0.626532	-0.626545	0.000045	0.000000	805.490601	0.003617	0.000004	0.003617	7.7	8.9	18.6
239	-0.615452	-0.615467	0.000051	0.999980	768.878091	0.003656	0.000005	0.003656	7.7	7.9	17.2
240	-0.613649	-0.613664	0.000052	1.999980	735.448580	0.003670	0.000005	0.003670	8.0	9.5	19.5
241	-0.634539	-0.634554	0.000053	1.029297	767.854856	0.007824	0.000005	0.007823	8.4	12.1	33.5
242	-0.652620	-0.652636	0.000054	0.058614	803.248625	0.003714	0.000005	0.003714	7.3	24.9	33.8
243	-0.638673	-0.638687	0.000049	0.000000	805.490601	0.003487	0.000004	0.003487	7.4	9.5	18.7
244	-0.629351	-0.629366	0.000051	0.000000	805.490601	0.004741	0.000004	0.004741	30.3	8.6	40.6
245	-0.620688	-0.620704	0.000052	1.000000	768.877392	0.003682	0.000005	0.003682	7.9	8.2	17.7
246	-0.635677	-0.635691	0.000049	0.029324	804.367381	0.004469	0.000004	0.004469	8.9	7.9	18.3
247	-0.617523	-0.617540	0.000055	0.000000	805.490601	0.004813	0.000005	0.004813	9.2	9.4	20.4
248	-0.630538	-0.630551	0.000045	0.000000	805.490601	0.004431	0.000004	0.004431	8.2	18.2	29.0
249	-0.627282	-0.627297	0.000050	1.000000	768.877392	0.003600	0.000004	0.003600	8.1	8.4	18.1
250	-0.590871	-0.590888	0.000054	0.029317	804.367668	0.003550	0.000005	0.003550	10.0	12.6	24.6
251	-0.609294	-0.609310	0.000053	0.000000	805.490601	0.003393	0.000005	0.003393	8.2	8.2	18.4
252	-0.631797	-0.631814	0.000054	0.000000	805.490601	0.003512	0.000005	0.003512	8.6	8.7	18.8
253	-0.610450	-0.610466	0.000053	0.999994	768.877589	0.004527	0.000005	0.004527	9.2	14.6	25.3
254	-0.604081	-0.604095	0.000050	0.029311	804.367883	0.003922	0.000004	0.003922	8.8	11.9	22.4
255	-0.645222	-0.645238	0.000053	0.000000	805.490601	0.003788	0.000004	0.003788	19.2	9.2	33.6
256	-0.608530	-0.608548	0.000059	1.000000	768.877394	0.003851	0.000005	0.003851	9.0	8.1	18.4
257	-0.637939	-0.637954	0.000049	0.029522	804.359836	0.003670	0.000004	0.003670	8.2	19.0	30.3
258	-0.598412	-0.598429	0.000055	1.029360	767.852658	0.003413	0.000005	0.003412	8.2	19.6	30.5
259	-0.634429	-0.634449	0.000068	1.533774	750.664436	0.003754	0.000006	0.003753	8.1	8.9	19.1
260	-0.597713	-0.597730	0.000057	0.563091	784.456311	0.003509	0.000005	0.003509	18.4	12.2	33.3
261	-0.607624	-0.607641	0.000056	1.521081	751.087495	0.003507	0.000005	0.003507	8.2	13.0	22.9
262	-0.608532	-0.608551	0.000063	0.550398	784.918327	0.004017	0.000005	0.004017	13.2	9.1	24.0
263	-0.629630	-0.629646	0.000052	1.550398	750.111034	0.004595	0.000005	0.004595	8.5	9.5	29.3
264	-0.629012	-0.629029	0.000057	0.579715	783.851984	0.003704	0.000005	0.003703	8.6	10.7	30.7
265	-0.597135	-0.597151	0.000056	0.000000	805.490601	0.003337	0.000005	0.003337	11.9	9.2	22.9
266	-0.632386	-0.632404	0.000059	1.000000	768.877392	0.003848	0.000005	0.003848	11.8	8.5	22.0
267	-0.622200	-0.622216	0.000054	2.000000	735.447940	0.004119	0.000005	0.004119	28.9	8.5	39.7
268	-0.633657	-0.633675	0.000060	2.999918	704.806674	0.004296	0.000005	0.004296	7.9	7.8	17.2
269	-0.622929	-0.622947	0.000060	3.579068	688.199503	0.004260	0.000005	0.004260	8.2	10.5	20.8
270	-0.631434	-0.631450	0.000053	4.579068	661.294712	0.003799	0.000005	0.003799	9.4	9.5	21.4
271	-0.624034	-0.624052	0.000060	3.608386	687.379604	0.003615	0.000005	0.003615	26.8	8.9	37.9
272	-0.636744	-0.636762	0.000059	2.637703	715.606871	0.003901	0.000005	0.003901	19.6	8.9	30.7
273	-0.615849	-0.615868	0.000065	3.637703	686.561677	0.003683	0.000005	0.003682	8.0	8.4	18.6
274	-0.623521	-0.623539	0.000060	2.667020	714.720431	0.004120	0.000005	0.004120	7.9	7.7	17.3
275	-0.616799	-0.616818	0.000062	3.667020	685.745693	0.005083	0.000005	0.005083	7.9	9.1	18.8
276	-0.622903	-0.622921	0.000058	2.696337	713.836184	0.004117	0.000005	0.004117	7.6	8.0	17.3
277	-0.605066	-0.605084	0.000060	1.725654	744.326338	0.003615	0.000005	0.003615	8.8	8.8	19.0
278	-0.607007	-0.607025	0.000058	2.706095	713.542336	0.004363	0.000005	0.004363	7.8	8.0	17.2
279	-0.635444	-0.635461	0.000058	2.312912	725.576552	0.003599	0.000005	0.003599	9.0	8.4	19.0
280	-0.601566	-0.601584	0.000061	3.312912	695.733293	0.003804	0.000005	0.003803	7.9	8.7	18.6
281	-0.641281	-0.641300	0.000062	2.342229	724.665256	0.004392	0.000005	0.004392	8.3	9.4	19.2
282	-0.624282	-0.624301	0.000063	3.342228	694.895403	0.003563	0.000005	0.003563	8.8	19.8	30.1
283	-0.627138	-0.627155	0.000060	4.200805	671.220724	0.002971	0.000005	0.002971	19.7	8.1	29.5
284	-0.639343	-0.639361	0.000061	5.199143	645.643350	0.004348	0.000005	0.004348	8.7	8.9	19.4
285	-0.616589	-0.616607	0.000063	4.228460	670.484939	0.003720	0.000005	0.003720	7.8	7.9	17.1
286	-0.631294	-0.631313	0.000062	5.228460	644.921679	0.003808	0.000005	0.003808	15.3	20.5	38.5
287	-0.632962	-0.632981	0.000063	4.257777	669.706700	0.004016	0.000005	0.004016	18.3	8.2	28.8
288	-0.618757	-0.618777	0.000065	3.287094	696.472889	0.004130	0.000005	0.004130	8.3	7.7	17.5
289	-0.618254	-0.618273	0.000063	4.287068	668.930953	0.004546	0.000005	0.004546	9.6	9.9	21.5
290	-0.604392	-0.604411	0.000064	3.316385	695.633933	0.003444	0.000005	0.003444	24.3	26.4	52.6
291	-0.616566	-0.616586	0.000069	2.345728	724.556644	0.004398	0.000005	0.004398	10.6	18.8	31.4
292	-0.640661	-0.640678	0.000058	1.375045	755.989647	0.003811	0.000005	0.003811	11.0	9.1	22.1
293	-0.627437	-0.627455	0.000059	0.404374	790.273169	0.003498	0.000005	0.003497	9.7	8.1	20.1
294	-0.629760	-0.629779	0.000064	0.730638	778.408020	0.004283	0.000005	0.004283	7.5	7.9	16.8
295	-0.610229	-0.610249	0.000065	1.730521	744.166948	0.003588	0.000005	0.003588	7.6	8.8	18.1
296	-0.606674	-0.606693	0.000064	2.730521	712.807883	0.004038	0.000005	0.004038	7.6	7.8	16.8
297	-0.624957	-0.624975	0.000062	2.802103	710.664195	0.003887	0.000005	0.003887	7.8	9.1	18.3
298	-0.650093	-0.650111	0.000061	3.802098	682.010969	0.003371	0.000005	0.003371	7.7	7.9	16.8
299	-0.622727	-0.622746	0.000065	2.831415	709.790121	0.003815	0.000005	0.003814	8.4	8.9	18.7
300	-0.643938	-0.643956	0.000058	3.774785	682.762846	0.003510	0.000005	0.003510	7.6	7.9	17.0
301	-0.598308	-0.598326	0.000063	4.774785	656.273281	0.003757	0.000005	0.003757	9.1	8.4	19.0
302	-0.643585	-0.643606	0.000067	3.804102	681.955862	0.004467	0.000005	0.004467	7.6	8.1	17.5
303	-0.626931	-0.626951	0.000065	2.833419	709.730434	0.004275	0.000005	0.004275	8.5	8.3	18.3
304	-0.626942	-0.626961	0.000063	1.862746	739.863117	0.004027	0.000005	0.004027	8.6	29.5	39.9
305	-0.642300	-0.642318	0.000060	0.892063	772.668276	0.003476	0.000005	0.003476	13.1	25.3	40.7
306	-0.636104	-0.636122	0.000060	1.892063	738.915605	0.003300	0.000005	0.003300	27.9	8.8	38.9
307	-0.625848	-0.625868	0.000066	0.921380	771.634934	0.004149	0.000005	0.004149	8.3	8.2	17.8
308	-0.629949	-0.629970	0.000070	1.921358	737.971228	0.004015	0.000005	0.004015	8.6	9.0	19.0
309	-0.611026	-0.611045	0.000062	0.950675	770.605130	0.003281	0.000005	0.003281	7.9	9.9	20.2
310	-0.638837	-0.638857	0.000067	0.000000	805.490601	0.003837	0.000005	0.003837	18.0	7.9	27.4
311	-0.622933	-0.622954	0.000069	0.000000	805.490601	0.004088	0.000005	0.004088	8.6	9.6	20.1
312	-0.617938	-0.617959	0.000070	0.000000	805.490601	0.004132	0.000005	0.004132	17.3	8.4	27.0
313	-0.614228	-0.614248	0.000069	0.000000	805.490601	0.003330	0.000005	0.003330	8.0	8.3	17.6
314	-0.643212	-0.643233	0.000070	0.000000	805.490601	0.004028	0.000005	0.004028	9.0	9.0	19.4
315	-0.643995	-0.644015	0.000068	0.000000	805.490601	0.003855	0.000005	0.003855	16.4	12.7	31.5
316	-0.642929	-0.642952	0.000078	0.000000	805.490601	0.004053	0.000006	0.004053	8.1	20.8	32.7
317	-0.611825	-0.611848	0.000079	0.000000	805.490601	0.004472	0.000006	0.004472	7.9	8.6	19.3
318	-0.613811	-0.613832	0.000069	0.000000	805.490601	0.004170	0.000005	0.004170	18.9	12.7	34.4
319	-0.622118	-0.622138	0.000068	1.000000	768.877392	0.003691	0.000005	0.003691	19.0	13.5	35.0
320	-0.623952	-0.623975	0.000076	0.029317	804.367668	0.004030	0.000006	0.004030	8.0	8.7	18.9
321	-0.587304	-0.587325	0.000070	0.000000	805.490601	0.003755	0.000005	0.003755	9.5	18.6	31.7
322	-0.621781	-0.621802	0.000073	0.000000	805.490601	0.003821	0.000005	0.003821	10.8	9.0	21.5
323	-0.619418	-0.619440	0.000072	0.000000	805.490601	0.003526	0.000005	0.003526	15.4	10.1	27.1
324	-0.612307	-0.612328	0.000071	0.000000	805.490601	0.004785	0.000005	0.004785	7.9	8.3	18.2
325	-0.601872	-0.601893	0.000071	0.000000	805.490601	0.003321	0.000005	0.003321	19.4	10.4	31.4
326	-0.625032	-0.625053	0.000070	0.000000	805.490601	0.003386	0.000005	0.003386	15.1	12.6	30.8
327	-0.637547	-0.637566	0.000065	0.000000	805.490601	0.004266	0.000005	0.004266	8.0	9.8	19.6
328	-0.619465	-0.619488	0.000075	0.000000	805.490601	0.003832	0.000006	0.003831	20.4	17.6	40.0
329	-0.624212	-0.624233	0.000070	0.000000	805.490601	0.004008	0.000005	0.004008	9.2	9.6	22.5
330	-0.631579	-0.631600	0.000071	0.000000	805.490601	0.003669	0.000005	0.003669	7.7	8.0	17.1
331	-0.630078	-0.630102	0.000079	0.000000	805.490601	0.003777	0.000006	0.003777	9.3	11.2	22.1
332	-0.635312	-0.635332	0.000067	0.997838	768.952953	0.003922	0.000005	0.003922	9.3	12.6	23.3
333	-0.626193	-0.626214	0.000072	0.027155	804.450366	0.004456	0.000005	0.004456	29.5	13.0	44.0
334	-0.637985	-0.638007	0.000073	0.000000	805.490601	0.003438	0.000005	0.003438	8.9	16.6	27.0
335	-0.657188	-0.657208	0.000068	0.558198	784.634364	0.004187	0.000005	0.004187	8.4	7.9	18.0
336	-0.634442	-0.634463	0.000070	1.557756	749.866363	0.003220	0.000005	0.003220	8.8	8.0	18.3
337	-0.618657	-0.618678	0.000069	0.587094	783.584059	0.003807	0.000005	0.003806	7.9	8.6	18.3
338	-0.630039	-0.630063	0.000080	0.000000	805.490601	0.003498	0.000006	0.003498	8.0	8.1	17.7
339	-0.620971	-0.620994	0.000075	0.000000	805.490601	0.003629	0.000006	0.003629	7.8	9.3	18.9
340	-0.621421	-0.621444	0.000077	0.000000	805.490601	0.003884	0.000006	0.003884	7.9	8.0	17.2
341	-0.628032	-0.628054	0.000075	0.000000	805.490601	0.003568	0.000005	0.003568	8.4	9.6	20.1
342	-0.617952	-0.617974	0.000076	1.000000	768.877392	0.004113	0.000005	0.004113	8.5	19.0	29.1
343	-0.623127	-0.623152	0.000083	0.029330	804.367176	0.003322	0.000006	0.003322	13.4	12.8	28.2
344	-0.626970	-0.626993	0.000074	0.000000	805.490601	0.004361	0.000005	0.004361	18.8	8.3	28.7
345	-0.613493	-0.613516	0.000076	0.000000	805.490601	0.003211	0.000005	0.003211	8.6	8.4	18.4
346	-0.636488	-0.636513	0.000080	0.000000	805.490601	0.003709	0.000006	0.003709	7.6	9.0	18.3
347	-0.605450	-0.605473	0.000076	0.000000	805.490601	0.003325	0.000005	0.003325	27.4	20.1	49.1
348	-0.621685	-0.621707	0.000071	1.000000	768.877392	0.003996	0.000005	0.003996	7.9	9.5	19.1
349	-0.652919	-0.652941	0.000073	0.030255	804.331808	0.003440	0.000005	0.003440	7.6	8.6	17.7
350	-0.616626	-0.616650	0.000080	1.030240	767.821974	0.003712	0.000006	0.003712	10.2	10.0	21.9
351	-0.615785	-0.615810	0.000085	0.059557	803.212642	0.004006	0.000006	0.004006	29.5	16.0	47.3
352	-0.625070	-0.625092	0.000076	0.000000	805.490601	0.003510	0.000005	0.003510	10.2	10.1	22.3
353	-0.650516	-0.650541	0.000082	1.000000	768.877392	0.003679	0.000006	0.003679	22.8	8.1	32.9
354	-0.626843	-0.626867	0.000081	1.999998	735.447990	0.003538	0.000006	0.003538	8.2	9.1	18.8
355	-0.613463	-0.613490	0.000087	1.033073	767.723255	0.003669	0.000006	0.003669	7.9	8.4	18.0
356	-0.622230	-0.622256	0.000085	0.062390	803.104613	0.003444	0.000006	0.003444	8.2	9.3	18.9
357	-0.624656	-0.624681	0.000083	0.000000	805.490601	0.004687	0.000006	0.004686	7.5	7.8	17.0
358	-0.621965	-0.621988	0.000076	1.000000	768.877392	0.003667	0.000005	0.003667	8.3	7.7	17.5
359	-0.640297	-0.640321	0.000078	0.029317	804.367668	0.003702	0.000006	0.003702	7.8	8.3	17.4
360	-0.647041	-0.647065	0.000081	1.029223	767.857428	0.004035	0.000006	0.004035	8.1	7.9	17.6
361	-0.615622	-0.615645	0.000077	2.029112	734.518242	0.003344	0.000005	0.003344	7.7	8.8	18.3
362	-0.630178	-0.630199	0.000071	3.029040	703.952493	0.003793	0.000005	0.003793	7.7	7.8	17.4
363	-0.621713	-0.621734	0.000073	2.058358	733.586604	0.003694	0.000005	0.003693	8.4	9.4	19.3
364	-0.647755	-0.647778	0.000079	1.090829	765.716052	0.004249	0.000006	0.004249	8.2	32.1	42.1
365	-0.597390	-0.597415	0.000082	0.120146	800.908403	0.003248	0.000006	0.003248	7.4	12.6	22.0
366	-0.635068	-0.635091	0.000079	0.000000	805.490601	0.003759	0.000006	0.003759	20.8	9.9	32.8
367	-0.613647	-0.613671	0.000081	0.999996	768.877536	0.003388	0.000006	0.003388	19.8	15.9	37.7
368	-0.613364	-0.613390	0.000087	0.029315	804.367746	0.006468	0.000006	0.006468	8.0	9.4	19.0
369	-0.612948	-0.612972	0.000078	0.577030	783.949553	0.003726	0.000005	0.003725	8.3	7.7	17.4
370	-0.617855	-0.617878	0.000076	1.573568	749.341106	0.004301	0.000005	0.004300	7.6	11.5	21.3
371	-0.619411	-0.619435	0.000078	0.602885	783.011271	0.003544	0.000005	0.003544	8.0	19.6	29.7
372	-0.613253	-0.613277	0.000081	0.000000	805.490601	0.003578	0.000006	0.003578	8.0	8.4	17.8
373	-0.624696	-0.624721	0.000082	0.000000	805.490601	0.004628	0.000006	0.004628	19.3	7.9	28.5
374	-0.623598	-0.623623	0.000085	0.000000	805.490601	0.003677	0.000006	0.003677	7.9	9.4	19.1
375	-0.647273	-0.647296	0.000078	0.000000	805.490601	0.003893	0.000005	0.003893	8.2	8.3	18.0
376	-0.653184	-0.653208	0.000081	0.999514	768.894377	0.004962	0.000005	0.004961	18.1	9.9	29.9
377	-0.631765	-0.631791	0.000087	1.898466	738.708984	0.004109	0.000006	0.004109	8.7	18.1	32.6
378	-0.626853	-0.626879	0.000086	2.898466	707.798675	0.004572	0.000006	0.004572	8.1	9.6	19.2
379	-0.601770	-0.601793	0.000077	3.898466	679.371274	0.004074	0.000005	0.004074	7.9	15.9	25.7
380	-0.628835	-0.628862	0.000089	2.927783	706.931461	0.004255	0.000006	0.004255	8.9	11.0	21.7
381	-0.620888	-0.620914	0.000086	1.957100	736.822275	0.004417	0.000006	0.004417	11.5	12.6	28.6
382	-0.610282	-0.610308	0.000087	2.907986	707.516837	0.006252	0.000006	0.006252	8.3	9.8	20.7
383	-0.633869	-0.633893	0.000082	1.937303	737.458220	0.004098	0.000006	0.004098	12.7	15.6	32.6
384	-0.631392	-0.631420	0.000094	0.968526	769.978940	0.004136	0.000006	0.004136	8.0	16.9	31.8
385	-0.621735	-0.621763	0.000091	0.026362	804.480699	0.003526	0.000006	0.003526	8.1	8.1	17.7
386	-0.619560	-0.619588	0.000094	0.000000	805.490601	0.003139	0.000006	0.003139	8.8	18.5	30.3
387	-0.631278	-0.631305	0.000091	0.000000	805.490601	0.004064	0.000006	0.004064	8.8	13.3	27.5
388	-0.633678	-0.633704	0.000085	0.000000	805.490601	0.003484	0.000006	0.003484	10.8	10.7	23.5
389	-0.640581	-0.640607	0.000088	0.000000	805.490601	0.003506	0.000006	0.003506	8.3	20.7	30.7
390	-0.603932	-0.603958	0.000086	0.999996	768.877522	0.003251	0.000006	0.003251	18.4	13.2	33.2
391	-0.625210	-0.625235	0.000084	0.029313	804.367810	0.005308	0.000006	0.005308	7.6	7.8	17.0
392	-0.620813	-0.620842	0.000099	0.000000	805.490601	0.005069	0.000006	0.005068	9.5	11.1	22.5
393	-0.625929	-0.625956	0.000090	0.972702	769.832609	0.004035	0.000006	0.004035	9.1	24.8	35.9
394	-0.610410	-0.610438	0.000093	1.895268	738.812170	0.004084	0.000006	0.004084	23.8	9.8	35.8
395	-0.638182	-0.638208	0.000084	0.924587	771.522077	0.003437	0.000006	0.003437	9.1	17.0	28.3
396	-0.613241	-0.613268	0.000090	0.000000	805.490601	0.003958	0.000006	0.003958	7.7	9.0	18.8
397	-0.619976	-0.620001	0.000086	0.000000	805.490601	0.004379	0.000006	0.004379	7.7	8.0	17.2
398	-0.628516	-0.628543	0.000089	0.000000	805.490601	0.003464	0.000006	0.003463	8.4	9.2	19.0
399	-0.610122	-0.610149	0.000092	0.000000	805.490601	0.003838	0.000006	0.003838	7.8	8.3	17.5
400	-0.614939	-0.614966	0.000090	0.000000	805.490601	0.004355	0.000006	0.004355	8.6	8.6	18.8
401	-0.644718	-0.644747	0.000096	0.000000	805.490601	0.004775	0.000006	0.004775	8.1	8.5	18.3
402	-0.640900	-0.640926	0.000086	0.000000	805.490601	0.003884	0.000006	0.003884	8.7	8.2	19.2
403	-0.630266	-0.630294	0.000093	0.000000	805.490601	0.004330	0.000006	0.004329	10.3	24.5	36.7
404	-0.617621	-0.617650	0.000097	1.000000	768.877392	0.003618	0.000006	0.003618	21.1	7.9	30.7
405	-0.626900	-0.626928	0.000096	0.029320	804.367565	0.004684	0.000006	0.004684	8.2	9.6	19.5
406	-0.622568	-0.622597	0.000095	1.029318	767.854133	0.005369	0.000006	0.005368	7.5	7.9	16.7
407	-0.617876	-0.617904	0.000093	0.058635	803.247834	0.003256	0.000006	0.003256	9.5	9.5	20.9
408	-0.611526	-0.611555	0.000097	0.000000	805.490601	0.004077	0.000006	0.004077	26.2	16.2	44.3
409	-0.624974	-0.625002	0.000091	0.766457	777.127064	0.003960	0.000006	0.003960	8.9	9.1	20.0
410	-0.634312	-0.634342	0.000100	1.766457	742.992325	0.003850	0.000006	0.003850	7.5	9.2	18.8
411	-0.634241	-0.634272	0.000103	2.766457	711.730099	0.003426	0.000006	0.003426	10.1	9.2	21.2
412	-0.631025	-0.631050	0.000084	1.795774	742.036782	0.003640	0.000006	0.003640	23.8	12.6	38.3
413	-0.627719	-0.627748	0.000096	2.795512	710.861042	0.003377	0.000006	0.003377	15.2	12.0	28.9
414	-0.599835	-0.599867	0.000106	1.825469	741.071410	0.004018	0.000007	0.004018	17.3	8.8	28.0
415	-0.628203	-0.628233	0.000099	2.803251	710.629943	0.003827	0.000006	0.003827	7.5	8.7	18.1
416	-0.635051	-0.635078	0.000090	3.803251	681.979265	0.003531	0.000006	0.003531	7.6	8.0	16.9
417	-0.650443	-0.650473	0.000100	2.832568	709.755782	0.003949	0.000006	0.003949	8.0	9.5	18.8
418	-0.622007	-0.622036	0.000097	1.861884	739.891002	0.003308	0.000006	0.003308	7.6	7.7	16.9
419	-0.626548	-0.626578	0.000098	0.891201	772.698688	0.003965	0.000006	0.003965	8.5	8.7	18.6
420	-0.613977	-0.614003	0.000086	0.000000	805.490601	0.003474	0.000006	0.003474	7.7	7.9	17.4
421	-0.617948	-0.617980	0.000106	0.000000	805.490601	0.003755	0.000007	0.003755	8.6	7.8	17.7
422	-0.631836	-0.631867	0.000101	0.000000	805.490601	0.005332	0.000006	0.005332	7.7	8.6	18.3
423	-0.625723	-0.625753	0.000099	1.000000	768.877392	0.003697	0.000006	0.003697	7.9	7.8	17.8
424	-0.628487	-0.628517	0.000103	2.000000	735.447940	0.004012	0.000006	0.004012	7.7	8.8	18.3
425	-0.635596	-0.635626	0.000100	2.992735	705.017701	0.003906	0.000006	0.003906	8.1	8.2	17.8
426	-0.629262	-0.629293	0.000102	2.050172	733.847120	0.003321	0.000006	0.003321	9.0	32.5	43.3
427	-0.627619	-0.627652	0.000110	3.050172	703.333945	0.004756	0.000007	0.004756	28.8	8.9	39.4
428	-0.639790	-0.639823	0.000108	2.079489	732.914944	0.003762	0.000007	0.003762	27.1	9.4	38.7
429	-0.625678	-0.625707	0.000099	1.108806	765.093440	0.003883	0.000006	0.003883	7.9	8.6	18.2
430	-0.627666	-0.627698	0.000104	2.108801	731.985285	0.003353	0.000006	0.003353	8.5	7.8	17.7
431	-0.622659	-0.622691	0.000107	1.831251	740.883727	0.003188	0.000007	0.003188	7.5	11.3	20.4
432	-0.632088	-0.632120	0.000107	1.410970	754.777793	0.003686	0.000007	0.003686	8.0	10.6	20.6
433	-0.631787	-0.631819	0.000105	2.410950	722.538064	0.003868	0.000006	0.003868	13.5	8.3	24.1
434	-0.654094	-0.654124	0.000100	1.440267	753.792391	0.005502	0.000006	0.005502	8.2	13.4	23.1
435	-0.635393	-0.635424	0.000104	0.469584	787.872860	0.004159	0.000006	0.004158	12.0	8.6	22.3
436	-0.599015	-0.599046	0.000104	0.000000	805.490601	0.003249	0.000006	0.003249	8.5	8.1	18.2
437	-0.600544	-0.600576	0.000109	0.000000	805.490601	0.003946	0.000007	0.003945	8.0	9.2	18.9
438	-0.644735	-0.644765	0.000098	0.000000	805.490601	0.003332	0.000006	0.003332	20.3	12.4	35.1
439	-0.645628	-0.645658	0.000101	0.000000	805.490601	0.003667	0.000006	0.003667	10.5	17.8	32.3
440	-0.622351	-0.622382	0.000104	0.000000	805.490601	0.003550	0.000006	0.003550	8.0	8.3	18.3
441	-0.649361	-0.649392	0.000103	0.000000	805.490601	0.004670	0.000006	0.004670	12.2	19.1	33.1
442	-0.624663	-0.624695	0.000107	0.000000	805.490601	0.003727	0.000007	0.003727	10.2	10.8	23.2
443	-0.620252	-0.620284	0.000106	0.990343	769.215060	0.004586	0.000006	0.004585	10.4	12.4	24.4
444	-0.616764	-0.616798	0.000113	1.035525	767.637823	0.004232	0.000007	0.004232	7.8	8.5	17.7
445	-0.602266	-0.602298	0.000104	2.035522	734.313845	0.004572	0.000006	0.004572	18.5	9.4	32.1
446	-0.611669	-0.611698	0.000098	1.064841	766.617913	0.003763	0.000006	0.003763	9.1	20.4	33.6
447	-0.608856	-0.608887	0.000104	0.094158	801.895122	0.003172	0.000006	0.003172	8.6	8.2	18.5
448	-0.621154	-0.621184	0.000100	0.000000	805.490601	0.004193	0.000006	0.004193	8.1	18.2	27.7
449	-0.613632	-0.613666	0.000111	0.999996	768.877544	0.004029	0.000007	0.004029	10.1	17.7	30.7
450	-0.634516	-0.634545	0.000098	0.238659	796.439278	0.003358	0.000006	0.003358	8.7	8.3	20.5
451	-0.625738	-0.625771	0.000111	1.236757	760.691073	0.004120	0.000007	0.004119	20.4	9.5	32.2
452	-0.619646	-0.619680	0.000113	0.266074	795.412570	0.003811	0.000007	0.003810	20.4	8.8	31.2
453	-0.639923	-0.639957	0.000114	1.250082	760.235518	0.004895	0.000007	0.004895	7.7	8.0	17.4
454	-0.630751	-0.630782	0.000104	0.279533	794.909503	0.003547	0.000006	0.003547	8.3	10.5	21.1
455	-0.650799	-0.650833	0.000113	0.000000	805.490601	0.003576	0.000007	0.003576	9.4	8.5	19.6
456	-0.653846	-0.653877	0.000102	1.000000	768.877392	0.003446	0.000006	0.003446	12.4	11.3	25.4
457	-0.618431	-0.618465	0.000113	0.029321	804.367524	0.003983	0.000007	0.003982	23.5	9.1	34.1
458	-0.651039	-0.651071	0.000108	0.000000	805.490601	0.003523	0.000007	0.003522	7.6	8.0	17.6
459	-0.641041	-0.641072	0.000105	0.000000	805.490601	0.003821	0.000006	0.003821	8.9	9.0	19.5
460	-0.632364	-0.632398	0.000115	0.936425	771.105725	0.004457	0.000007	0.004457	7.9	8.3	17.9
461	-0.647976	-0.648011	0.000116	0.000000	805.490601	0.005895	0.000007	0.005894	8.5	7.9	17.9
462	-0.612455	-0.612487	0.000105	0.999992	768.877667	0.003599	0.000006	0.003598	7.9	8.9	18.6
463	-0.607671	-0.607702	0.000103	0.035598	804.127508	0.004589	0.000006	0.004588	7.9	8.3	17.7
464	-0.631479	-0.631510	0.000105	1.034304	767.680384	0.004418	0.000006	0.004418	8.1	9.5	19.2
465	-0.642775	-0.642808	0.000110	0.063621	803.057699	0.004057	0.000007	0.004057	8.6	29.4	39.9
466	-0.632890	-0.632923	0.000112	0.000000	805.490601	0.003574	0.000007	0.003574	19.0	7.8	28.4
467	-0.622572	-0.622606	0.000112	0.000000	805.490601	0.004253	0.000007	0.004252	7.8	8.8	18.9
468	-0.619366	-0.619400	0.000113	0.000000	805.490601	0.003714	0.000007	0.003714	8.5	8.0	18.0
469	-0.621857	-0.621893	0.000120	0.959067	770.310625	0.004058	0.000007	0.004058	7.5	10.6	19.9
470	-0.620999	-0.621033	0.000113	1.958958	736.762647	0.003360	0.000007	0.003359	19.2	21.1	42.4
471	-0.632103	-0.632137	0.000115	0.988373	769.283961	0.003822	0.000007	0.003821	8.0	9.6	19.7
472	-0.649489	-0.649522	0.000111	0.017690	804.812647	0.003697	0.000007	0.003697	9.4	9.3	20.6
473	-0.630130	-0.630163	0.000108	1.017267	768.274394	0.003591	0.000006	0.003591	15.2	15.2	31.9
474	-0.643255	-0.643290	0.000116	2.017267	734.896229	0.004394	0.000007	0.004394	22.3	21.6	45.4
475	-0.625330	-0.625367	0.000123	1.976154	736.211235	0.003361	0.000007	0.003361	9.2	16.2	27.7
476	-0.627131	-0.627166	0.000116	2.975550	705.523018	0.004726	0.000007	0.004726	9.6	7.8	19.2
477	-0.642783	-0.642817	0.000116	2.119820	731.636424	0.003457	0.000007	0.003457	8.4	8.7	19.4
478	-0.659896	-0.659934	0.000124	1.149137	763.700295	0.003997	0.000007	0.003997	7.6	8.0	17.0
479	-0.612547	-0.612580	0.000109	0.178478	798.702460	0.003354	0.000007	0.003354	8.5	8.5	18.4
480	-0.619796	-0.619833	0.000124	0.682011	780.153754	0.004032	0.000007	0.004032	7.7	7.8	17.8
481	-0.639540	-0.639575	0.000116	1.681995	745.759017	0.003559	0.000007	0.003559	8.0	7.9	17.6
482	-0.627479	-0.627519	0.000134	2.425513	722.088896	0.005021	0.000008	0.005021	7.5	8.4	17.5
483	-0.642378	-0.642412	0.000114	1.454830	753.303532	0.003476	0.000007	0.003475	7.7	7.8	17.3
484	-0.633559	-0.633597	0.000128	0.484147	787.338813	0.003753	0.000007	0.003753	7.7	8.9	18.2
485	-0.661302	-0.661336	0.000114	1.483667	752.337369	0.003411	0.000007	0.003411	7.8	7.7	17.0
486	-0.631974	-0.632012	0.000124	0.512984	786.283434	0.003824	0.000007	0.003824	8.1	9.4	19.2
487	-0.643752	-0.643783	0.000105	0.000000	805.490601	0.003242	0.000006	0.003242	8.4	18.2	29.1
488	-0.641718	-0.641753	0.000119	1.000000	768.877392	0.003583	0.000007	0.003583	18.5	30.0	50.0
489	-0.638794	-0.638833	0.000130	1.993226	735.664609	0.004215	0.000007	0.004214	7.5	8.8	18.4
490	-0.619528	-0.619564	0.000119	1.022543	768.090339	0.003703	0.000007	0.003703	26.6	8.9	37.0
491	-0.645752	-0.645786	0.000113	2.022543	734.727806	0.004455	0.000007	0.004455	7.6	8.2	17.2
492	-0.635886	-0.635925	0.000130	1.051895	767.067985	0.003905	0.000007	0.003904	9.0	8.0	18.4
493	-0.619427	-0.619464	0.000125	2.020723	734.785900	0.003680	0.000007	0.003679	7.8	8.3	20.4
494	-0.631378	-0.631411	0.000113	1.050040	767.132515	0.003672	0.000007	0.003672	8.1	8.1	18.2
495	-0.662939	-0.662974	0.000119	0.079567	802.450183	0.004251	0.000007	0.004251	16.5	8.9	26.9
496	-0.613029	-0.613064	0.000118	0.000000	805.490601	0.004095	0.000007	0.004095	8.2	20.7	30.9
497	-0.633401	-0.633436	0.000118	0.000000	805.490601	0.003359	0.000007	0.003359	7.9	8.6	18.3
498	-0.618087	-0.618124	0.000124	0.000000	805.490601	0.004073	0.000007	0.004073	8.6	8.2	18.9
499	-0.638733	-0.638769	0.000119	0.990932	769.194432	0.003704	0.000007	0.003704	13.8	18.8	34.5
