1:ItNr	2:Metric	2:Metric0	2:Metric1	3a:Time	3b:StepSize	4:||Gradient0||	4:||Gradient1||	4:||Gradient||	Time0[ms]	Time1[ms]	Time[ms]
0	-0.350900	-0.350900	0.000000	0.000000	511.179401	0.004671	0.000000	0.004671	5.3	5.3	13156.3
1	-0.360908	-0.360908	0.000000	0.000000	511.179401	0.003693	0.000000	0.003693	6.2	6.4	14.0
2	-0.364306	-0.364306	0.000000	0.000000	511.179401	0.003826	0.000000	0.003826	5.3	5.5	12.0
3	-0.346418	-0.346418	0.000000	0.000000	511.179401	0.004375	0.000000	0.004375	5.4	6.1	12.6
4	-0.354853	-0.354854	0.000000	0.000000	511.179401	0.004162	0.000000	0.004162	8.0	5.2	15.1
5	-0.368758	-0.368758	0.000001	0.134015	507.937919	0.004508	0.000001	0.004508	4.8	6.7	13.1
6	-0.367563	-0.367564	0.000001	0.000000	511.179401	0.004224	0.000001	0.004224	5.5	6.0	12.8
7	-0.322704	-0.322704	0.000001	0.000000	511.179401	0.003830	0.000001	0.003830	5.3	5.4	11.5
8	-0.354838	-0.354838	0.000001	0.000000	511.179401	0.003359	0.000001	0.003359	5.4	6.3	13.2
9	-0.350415	-0.350416	0.000001	1.000000	487.943974	0.004524	0.000001	0.004524	6.3	5.1	12.9
10	-0.342265	-0.342265	0.000001	0.045159	510.082497	0.004377	0.000001	0.004377	5.2	5.6	12.5
11	-0.344914	-0.344915	0.000001	0.000000	511.179401	0.003043	0.000001	0.003043	6.4	6.1	14.0
12	-0.359541	-0.359542	0.000001	0.000000	511.179401	0.003483	0.000001	0.003483	5.3	5.2	11.9
13	-0.376055	-0.376056	0.000002	0.000000	511.179401	0.003410	0.000001	0.003410	5.2	6.2	12.6
14	-0.369586	-0.369586	0.000002	0.000000	511.179401	0.007118	0.000001	0.007118	5.3	5.8	12.8
15	-0.366054	-0.366054	0.000002	0.000000	511.179401	0.003870	0.000001	0.003870	5.0	5.1	11.5
16	-0.376547	-0.376548	0.000002	0.882901	490.555046	0.005471	0.000001	0.005471	6.1	6.5	14.5
17	-0.348412	-0.348413	0.000002	0.864909	490.958707	0.004943	0.000001	0.004943	5.1	5.3	11.7
18	-0.367471	-0.367472	0.000002	0.000000	511.179401	0.004113	0.000001	0.004113	5.2	6.0	12.9
19	-0.362502	-0.362503	0.000003	0.000000	511.179401	0.004975	0.000001	0.004975	5.8	6.2	13.4
20	-0.367472	-0.367473	0.000003	0.281414	504.419836	0.005083	0.000001	0.005083	5.1	5.5	12.0
21	-0.361278	-0.361279	0.000004	1.146869	484.708121	0.003762	0.000001	0.003762	6.0	5.9	13.3
22	-0.370017	-0.370018	0.000003	0.192190	506.543559	0.003813	0.000001	0.003813	5.3	5.4	12.3
23	-0.349837	-0.349838	0.000003	0.000000	511.179401	0.004430	0.000001	0.004430	4.7	6.1	12.2
24	-0.377308	-0.377309	0.000003	0.000000	511.179401	0.003235	0.000001	0.003235	6.0	6.2	13.5
25	-0.349910	-0.349911	0.000003	0.000000	511.179401	0.004050	0.000001	0.004050	5.0	5.2	11.2
26	-0.364098	-0.364099	0.000003	0.000000	511.179401	0.003742	0.000001	0.003742	5.8	5.8	12.5
27	-0.355933	-0.355934	0.000004	0.000000	511.179401	0.003379	0.000001	0.003379	8.2	5.2	14.3
28	-0.366756	-0.366757	0.000003	0.496231	499.379056	0.003578	0.000001	0.003578	5.1	5.9	12.0
29	-0.370996	-0.370997	0.000004	1.206565	483.405133	0.005961	0.000001	0.005961	6.1	6.0	13.8
30	-0.358814	-0.358815	0.000004	2.205554	462.594754	0.003368	0.000001	0.003368	5.0	5.2	11.4
31	-0.376793	-0.376794	0.000004	1.273985	481.941930	0.004042	0.000001	0.004042	5.7	6.3	13.1
32	-0.358186	-0.358187	0.000004	0.319144	503.527138	0.003922	0.000001	0.003922	5.5	5.9	12.6
33	-0.366757	-0.366759	0.000005	0.000000	511.179401	0.004639	0.000002	0.004639	5.3	5.6	12.0
34	-0.351476	-0.351477	0.000005	0.980071	488.386394	0.003590	0.000002	0.003590	5.7	7.4	14.5
35	-0.355651	-0.355653	0.000005	0.025229	510.566014	0.004427	0.000001	0.004427	5.2	5.0	11.2
36	-0.371234	-0.371236	0.000006	0.648448	495.867764	0.004724	0.000002	0.004724	5.7	6.6	13.8
37	-0.367963	-0.367964	0.000005	0.029841	510.454054	0.005503	0.000001	0.005503	6.0	5.8	13.0
38	-0.358398	-0.358399	0.000005	0.000000	511.179401	0.005806	0.000002	0.005806	5.0	5.8	12.0
39	-0.342587	-0.342589	0.000005	0.000000	511.179401	0.004156	0.000002	0.004156	6.2	6.3	14.2
40	-0.353368	-0.353369	0.000006	0.000000	511.179401	0.004488	0.000002	0.004488	5.1	5.3	11.5
41	-0.338344	-0.338345	0.000005	1.000000	487.943983	0.004459	0.000002	0.004459	6.8	5.9	13.8
42	-0.354485	-0.354487	0.000006	1.997541	466.778927	0.004405	0.000002	0.004405	5.9	6.2	13.3
43	-0.361903	-0.361905	0.000006	2.997533	447.327956	0.004427	0.000002	0.004427	5.0	6.8	13.0
44	-0.376065	-0.376067	0.000006	2.042692	465.864302	0.004506	0.000002	0.004506	5.5	5.5	12.3
45	-0.348237	-0.348238	0.000006	1.087912	486.001917	0.003550	0.000002	0.003550	5.6	4.9	11.5
46	-0.380049	-0.380051	0.000007	0.133616	507.947506	0.004692	0.000002	0.004692	6.4	6.1	14.0
47	-0.337057	-0.337059	0.000006	0.000000	511.179401	0.003769	0.000002	0.003769	5.6	5.5	12.3
48	-0.360482	-0.360485	0.000007	0.000000	511.179401	0.007047	0.000002	0.007047	5.5	5.1	12.4
49	-0.366139	-0.366141	0.000008	0.000000	511.179401	0.003914	0.000002	0.003914	6.6	7.1	15.5
50	-0.340358	-0.340360	0.000009	0.000000	511.179401	0.003735	0.000002	0.003735	5.1	5.4	11.6
51	-0.377018	-0.377020	0.000007	0.000000	511.179401	0.003417	0.000002	0.003417	5.1	5.8	12.0
52	-0.368859	-0.368861	0.000007	0.000000	511.179401	0.003503	0.000002	0.003503	6.1	6.1	14.0
53	-0.365546	-0.365548	0.000008	0.000000	511.179401	0.005131	0.000002	0.005131	5.1	5.5	12.1
54	-0.358975	-0.358977	0.000009	0.999906	487.946055	0.005302	0.000002	0.005302	5.8	6.9	13.9
55	-0.367839	-0.367842	0.000008	1.999690	466.735319	0.004552	0.000002	0.004552	6.3	5.9	13.2
56	-0.361516	-0.361518	0.000008	2.999690	447.287763	0.002967	0.000002	0.002967	5.9	6.0	12.9
57	-0.356518	-0.356520	0.000009	2.044848	465.820709	0.003292	0.000002	0.003292	6.2	6.0	13.6
58	-0.361136	-0.361138	0.000008	1.090006	485.955830	0.003176	0.000002	0.003176	5.1	6.3	12.8
59	-0.353107	-0.353110	0.000009	0.155153	507.430375	0.004433	0.000002	0.004433	6.1	6.0	13.3
60	-0.353341	-0.353344	0.000008	0.000000	511.179401	0.004846	0.000002	0.004846	5.0	4.9	11.0
61	-0.357377	-0.357380	0.000009	0.000000	511.179401	0.004598	0.000002	0.004598	6.3	5.9	13.3
62	-0.367905	-0.367908	0.000010	0.999994	487.944106	0.003417	0.000002	0.003417	6.5	5.3	12.9
63	-0.363488	-0.363491	0.000010	0.071519	509.444401	0.003861	0.000002	0.003861	4.9	6.0	12.2
64	-0.368332	-0.368335	0.000010	1.030066	487.278052	0.003452	0.000002	0.003452	5.8	7.2	14.2
65	-0.366148	-0.366150	0.000009	0.075224	509.354843	0.003886	0.000002	0.003886	5.1	5.2	11.4
66	-0.345923	-0.345926	0.000010	0.000000	511.179401	0.003185	0.000002	0.003185	5.6	6.3	13.2
67	-0.360851	-0.360853	0.000009	0.999935	487.945422	0.003249	0.000002	0.003249	5.6	6.0	12.7
68	-0.365220	-0.365223	0.000010	0.045474	510.074863	0.003698	0.000002	0.003698	5.3	5.1	11.3
69	-0.369451	-0.369454	0.000009	0.000000	511.179401	0.004574	0.000002	0.004574	5.7	5.7	12.7
70	-0.362159	-0.362162	0.000011	0.741231	493.751594	0.003407	0.000002	0.003407	5.3	5.0	11.5
71	-0.367548	-0.367551	0.000010	1.741231	472.039858	0.003844	0.000002	0.003844	4.8	6.4	12.3
72	-0.387888	-0.387891	0.000010	0.786746	492.720086	0.004264	0.000002	0.004264	5.8	6.0	13.2
73	-0.384368	-0.384371	0.000011	1.268748	482.055272	0.003848	0.000002	0.003848	4.9	5.4	11.2
74	-0.360728	-0.360732	0.000012	2.268208	461.349117	0.003935	0.000002	0.003935	5.3	6.3	12.7
75	-0.357707	-0.357710	0.000010	1.315135	481.053221	0.004241	0.000002	0.004241	6.0	6.1	13.7
76	-0.375790	-0.375794	0.000012	0.360304	502.556869	0.003344	0.000002	0.003344	4.9	6.4	12.5
77	-0.359153	-0.359156	0.000011	0.000000	511.179401	0.004287	0.000002	0.004287	5.9	5.8	13.0
78	-0.367848	-0.367851	0.000011	0.000000	511.179401	0.004076	0.000002	0.004076	5.0	5.2	11.3
79	-0.360254	-0.360258	0.000012	0.000000	511.179401	0.004683	0.000002	0.004683	5.1	8.1	14.2
80	-0.361282	-0.361285	0.000011	0.000000	511.179401	0.004124	0.000002	0.004124	5.7	5.0	11.7
81	-0.348912	-0.348916	0.000013	0.000000	511.179401	0.003375	0.000002	0.003375	4.8	5.2	11.6
82	-0.365370	-0.365373	0.000012	0.000000	511.179401	0.003581	0.000002	0.003581	5.8	5.7	13.3
83	-0.370243	-0.370246	0.000012	0.000000	511.179401	0.003702	0.000002	0.003702	5.3	5.7	12.3
84	-0.370880	-0.370883	0.000012	0.989452	488.178029	0.004993	0.000002	0.004993	5.3	7.3	13.7
85	-0.367039	-0.367043	0.000012	0.034711	510.335870	0.003800	0.000002	0.003800	6.1	5.8	12.8
86	-0.371548	-0.371551	0.000013	0.000000	511.179401	0.004148	0.000002	0.004148	5.1	5.1	11.2
87	-0.371926	-0.371930	0.000013	0.000000	511.179401	0.004521	0.000002	0.004521	6.2	6.4	14.5
88	-0.366961	-0.366964	0.000011	0.000000	511.179401	0.004959	0.000002	0.004959	5.0	5.4	12.0
89	-0.371890	-0.371894	0.000012	0.999885	487.946531	0.004063	0.000002	0.004063	5.4	6.0	12.5
90	-0.370349	-0.370353	0.000013	0.045043	510.085308	0.004440	0.000002	0.004440	6.2	5.6	13.1
91	-0.384778	-0.384782	0.000013	0.000000	511.179401	0.003924	0.000002	0.003924	5.0	4.8	11.0
92	-0.375512	-0.375517	0.000014	0.000000	511.179401	0.003898	0.000003	0.003898	7.6	8.3	17.1
93	-0.349096	-0.349100	0.000014	0.000000	511.179401	0.004005	0.000003	0.004005	5.7	5.4	12.2
94	-0.343019	-0.343023	0.000014	0.000000	511.179401	0.003489	0.000003	0.003489	5.4	6.4	13.0
95	-0.372480	-0.372484	0.000014	0.000000	511.179401	0.003361	0.000003	0.003361	8.3	5.0	14.3
96	-0.361760	-0.361765	0.000014	0.000000	511.179401	0.003629	0.000003	0.003629	5.2	7.1	13.4
97	-0.372604	-0.372608	0.000014	0.000000	511.179401	0.003714	0.000003	0.003714	7.0	5.3	14.6
98	-0.363474	-0.363478	0.000015	0.000000	511.179401	0.004299	0.000003	0.004299	5.1	5.3	11.6
99	-0.363491	-0.363496	0.000014	0.000000	511.179401	0.003418	0.000003	0.003418	6.1	6.3	13.8
100	-0.355677	-0.355681	0.000014	0.722859	494.169186	0.004352	0.000002	0.004352	6.1	5.2	12.7
101	-0.385144	-0.385148	0.000014	0.000000	511.179401	0.003651	0.000003	0.003650	5.0	6.6	13.0
102	-0.343010	-0.343015	0.000015	0.000000	511.179401	0.003827	0.000003	0.003827	5.7	6.7	14.0
103	-0.378304	-0.378309	0.000015	0.000000	511.179401	0.003650	0.000003	0.003650	5.3	5.3	11.9
104	-0.373205	-0.373209	0.000015	0.000000	511.179401	0.005278	0.000003	0.005278	7.5	6.2	15.0
105	-0.352857	-0.352861	0.000014	0.864496	490.967985	0.004212	0.000003	0.004212	5.3	4.9	11.3
106	-0.377499	-0.377504	0.000014	0.000000	511.179401	0.004312	0.000003	0.004312	4.8	6.1	12.2
107	-0.369986	-0.369991	0.000016	0.000000	511.179401	0.003980	0.000003	0.003980	5.8	5.9	12.9
108	-0.357185	-0.357190	0.000017	0.999998	487.944027	0.004845	0.000003	0.004845	4.9	5.0	11.0
109	-0.365309	-0.365314	0.000017	0.522544	498.768514	0.003566	0.000003	0.003566	5.2	5.9	12.4
110	-0.360331	-0.360336	0.000017	0.000000	511.179401	0.003769	0.000003	0.003769	5.6	5.9	12.5
111	-0.351648	-0.351653	0.000017	0.979446	488.400275	0.003200	0.000003	0.003200	5.2	5.2	11.8
112	-0.355603	-0.355608	0.000017	0.158761	507.343848	0.003588	0.000003	0.003588	6.2	6.7	14.4
113	-0.365076	-0.365081	0.000017	0.000000	511.179401	0.005449	0.000003	0.005449	5.1	5.4	11.9
114	-0.373166	-0.373171	0.000018	0.000000	511.179401	0.005132	0.000003	0.005132	5.7	6.7	14.1
115	-0.356062	-0.356067	0.000017	1.000000	487.943974	0.003719	0.000003	0.003719	5.7	5.2	12.4
116	-0.370865	-0.370870	0.000016	2.000000	466.729018	0.004690	0.000003	0.004690	4.8	5.0	11.0
117	-0.352626	-0.352631	0.000018	3.000000	447.281977	0.004418	0.000003	0.004419	5.7	6.1	13.0
118	-0.369959	-0.369964	0.000018	3.999995	429.390787	0.003815	0.000003	0.003815	4.9	5.0	11.1
119	-0.353543	-0.353548	0.000017	4.402144	422.592962	0.003586	0.000003	0.003586	4.6	5.9	12.1
120	-0.381149	-0.381154	0.000018	5.402133	406.587128	0.004367	0.000003	0.004367	6.1	6.3	14.1
121	-0.349473	-0.349479	0.000018	4.833755	415.532596	0.003193	0.000003	0.003193	5.1	5.4	11.3
122	-0.354359	-0.354365	0.000018	3.878914	431.480548	0.003347	0.000003	0.003346	6.2	6.6	14.4
123	-0.390643	-0.390648	0.000017	4.874210	414.882901	0.003682	0.000003	0.003682	6.0	5.3	12.9
124	-0.375336	-0.375341	0.000018	4.136871	427.052660	0.004568	0.000003	0.004568	5.0	6.0	12.3
125	-0.381959	-0.381964	0.000017	5.136666	410.716779	0.004024	0.000003	0.004024	6.7	5.9	13.8
126	-0.383238	-0.383244	0.000018	5.933163	398.570617	0.004134	0.000003	0.004134	4.8	4.9	10.7
127	-0.347165	-0.347171	0.000020	6.933163	384.301892	0.003816	0.000003	0.003816	5.4	5.6	12.2
128	-0.350692	-0.350698	0.000018	5.978322	397.903457	0.003211	0.000003	0.003211	5.7	5.3	12.1
129	-0.373202	-0.373207	0.000018	5.585143	403.788211	0.003101	0.000003	0.003101	5.1	6.7	12.9
130	-0.345766	-0.345771	0.000018	4.691399	417.835073	0.002857	0.000003	0.002857	6.2	6.7	13.9
131	-0.377862	-0.377867	0.000018	4.391348	422.772642	0.003535	0.000003	0.003535	5.1	5.6	11.9
132	-0.373628	-0.373634	0.000020	3.445213	439.135772	0.004272	0.000003	0.004272	5.8	7.0	14.4
133	-0.361621	-0.361627	0.000018	4.337876	423.664854	0.003363	0.000003	0.003362	6.4	5.7	13.6
134	-0.360895	-0.360901	0.000020	3.383034	440.255602	0.003909	0.000003	0.003909	5.4	6.3	12.9
135	-0.362115	-0.362120	0.000019	4.356043	423.361304	0.004171	0.000003	0.004171	5.5	5.8	12.6
136	-0.369754	-0.369760	0.000020	3.401223	439.927441	0.004469	0.000003	0.004469	4.9	4.9	11.1
137	-0.356056	-0.356062	0.000020	4.401223	422.608297	0.004169	0.000003	0.004169	6.1	6.2	14.0
138	-0.359013	-0.359019	0.000020	3.446397	439.114499	0.005563	0.000003	0.005563	5.5	5.3	12.1
139	-0.370120	-0.370126	0.000020	4.201766	425.952988	0.003303	0.000003	0.003303	5.0	5.5	11.9
140	-0.358774	-0.358780	0.000020	3.291466	441.915166	0.003209	0.000003	0.003209	8.1	5.6	14.9
141	-0.386747	-0.386753	0.000020	4.291428	424.442915	0.003681	0.000003	0.003681	5.0	5.1	10.9
142	-0.353530	-0.353536	0.000021	3.369901	440.492858	0.003970	0.000003	0.003970	5.6	6.2	13.5
143	-0.380145	-0.380152	0.000021	4.369893	423.130175	0.004065	0.000003	0.004065	6.2	5.3	12.8
144	-0.353869	-0.353875	0.000020	5.272251	408.597169	0.002914	0.000003	0.002914	5.0	5.8	12.0
145	-0.353331	-0.353338	0.000023	4.317412	424.007298	0.004875	0.000003	0.004875	5.8	8.5	15.8
146	-0.360513	-0.360519	0.000021	5.317412	407.896020	0.003497	0.000003	0.003497	4.9	5.2	11.1
147	-0.374918	-0.374924	0.000021	4.363227	423.241391	0.003521	0.000003	0.003521	6.0	7.3	14.4
148	-0.372916	-0.372923	0.000022	3.408385	439.798343	0.004541	0.000003	0.004541	5.7	5.1	11.8
149	-0.374101	-0.374108	0.000022	2.453553	457.703252	0.004313	0.000003	0.004313	5.0	6.7	12.9
150	-0.362471	-0.362478	0.000021	1.498725	477.127815	0.005294	0.000003	0.005294	5.8	6.3	13.7
151	-0.385743	-0.385750	0.000023	2.298697	460.745401	0.003742	0.000003	0.003742	5.2	5.2	11.7
152	-0.372594	-0.372600	0.000021	3.298695	441.783703	0.003522	0.000003	0.003522	6.2	6.6	14.3
153	-0.362975	-0.362981	0.000021	2.392858	458.890799	0.003495	0.000003	0.003495	6.1	5.3	12.8
154	-0.382497	-0.382504	0.000021	3.286999	441.996456	0.004978	0.000003	0.004978	4.7	5.9	12.4
155	-0.373460	-0.373467	0.000022	4.286963	424.517855	0.004200	0.000003	0.004200	5.6	6.2	13.5
156	-0.359127	-0.359134	0.000024	3.332122	441.176791	0.004447	0.000003	0.004447	5.2	5.3	11.8
157	-0.351787	-0.351794	0.000023	2.377280	459.196590	0.004609	0.000003	0.004609	5.7	6.5	13.4
158	-0.372364	-0.372371	0.000023	1.717711	472.528559	0.004335	0.000003	0.004335	6.0	5.9	12.8
159	-0.359332	-0.359339	0.000022	2.713370	452.688401	0.002842	0.000003	0.002842	5.2	7.3	13.6
160	-0.379554	-0.379561	0.000024	2.851314	450.070282	0.003481	0.000003	0.003481	5.7	6.0	13.2
161	-0.369169	-0.369176	0.000023	3.822930	432.453688	0.004192	0.000003	0.004192	5.4	5.2	11.6
162	-0.359512	-0.359519	0.000025	3.009597	447.103187	0.004499	0.000003	0.004499	5.3	6.1	13.4
163	-0.363927	-0.363934	0.000023	2.054756	465.620524	0.003284	0.000003	0.003284	6.0	5.3	12.9
164	-0.390881	-0.390888	0.000023	1.152917	484.575801	0.003945	0.000003	0.003944	4.9	6.6	13.1
165	-0.369377	-0.369385	0.000024	2.004239	466.643012	0.003332	0.000003	0.003332	6.1	8.1	15.6
166	-0.367220	-0.367228	0.000026	1.055584	486.714260	0.005207	0.000004	0.005207	5.0	5.3	11.4
167	-0.357851	-0.357858	0.000024	2.055541	465.604669	0.003393	0.000003	0.003393	6.3	7.8	15.7
168	-0.365112	-0.365119	0.000024	1.100841	485.717588	0.004108	0.000003	0.004108	5.6	5.3	12.1
169	-0.368710	-0.368717	0.000026	2.089509	464.919691	0.003676	0.000003	0.003676	5.0	6.2	12.4
170	-0.367661	-0.367668	0.000026	1.199187	483.565784	0.004582	0.000004	0.004582	5.7	5.7	12.6
171	-0.374667	-0.374675	0.000026	1.184246	483.891476	0.003791	0.000004	0.003791	4.9	4.9	10.8
172	-0.372857	-0.372864	0.000024	0.483458	499.675950	0.003405	0.000003	0.003405	5.4	6.2	12.7
173	-0.354656	-0.354664	0.000026	0.000000	511.179401	0.004259	0.000004	0.004259	6.1	5.6	13.1
174	-0.378609	-0.378617	0.000025	1.000000	487.943976	0.003538	0.000003	0.003538	4.8	7.0	13.1
175	-0.343658	-0.343666	0.000026	1.995999	466.810213	0.003637	0.000004	0.003637	5.7	6.1	13.5
176	-0.366525	-0.366532	0.000025	2.994082	447.392291	0.003885	0.000003	0.003885	5.1	5.2	11.3
177	-0.355411	-0.355419	0.000024	2.039299	465.932899	0.003943	0.000003	0.003943	5.6	6.5	13.3
178	-0.362108	-0.362117	0.000027	1.084600	486.074786	0.004096	0.000004	0.004096	6.1	6.3	13.9
179	-0.363822	-0.363830	0.000026	2.064728	465.419199	0.003972	0.000004	0.003972	5.0	5.9	12.7
180	-0.352651	-0.352659	0.000027	1.109900	485.518585	0.003353	0.000004	0.003353	5.6	8.4	15.6
181	-0.362212	-0.362221	0.000027	2.009298	466.540408	0.003345	0.000004	0.003345	4.8	4.9	11.0
182	-0.371707	-0.371715	0.000026	2.315632	460.410744	0.003619	0.000003	0.003619	7.4	6.3	15.3
183	-0.368356	-0.368364	0.000027	1.361464	480.056553	0.003675	0.000004	0.003675	5.1	5.5	11.9
184	-0.373956	-0.373963	0.000026	0.919584	489.734094	0.003215	0.000004	0.003215	5.1	6.4	12.8
185	-0.371006	-0.371015	0.000028	1.919260	468.373205	0.004288	0.000004	0.004288	5.9	6.6	14.0
186	-0.362099	-0.362107	0.000028	1.346300	480.382320	0.003996	0.000004	0.003996	5.2	5.3	11.4
187	-0.369381	-0.369389	0.000028	0.391549	501.822830	0.003566	0.000004	0.003566	5.9	6.0	13.1
188	-0.388296	-0.388305	0.000028	1.390763	479.428387	0.003509	0.000004	0.003509	5.6	4.9	11.8
189	-0.373725	-0.373733	0.000026	1.962137	467.498615	0.004540	0.000004	0.004539	4.8	6.9	12.7
190	-0.368551	-0.368559	0.000027	1.007437	487.779093	0.003739	0.000003	0.003739	5.6	5.6	13.0
191	-0.383892	-0.383900	0.000029	1.954041	467.663509	0.004284	0.000004	0.004284	4.8	5.0	10.9
192	-0.336192	-0.336201	0.000030	2.949024	448.234020	0.003306	0.000004	0.003306	5.4	6.4	13.9
193	-0.367996	-0.368005	0.000029	1.994186	466.847024	0.003229	0.000004	0.003228	5.9	5.4	12.9
194	-0.357218	-0.357227	0.000029	1.361828	480.048740	0.003623	0.000004	0.003623	5.1	6.2	12.5
195	-0.367591	-0.367601	0.000031	2.203431	462.637066	0.003241	0.000004	0.003241	6.5	6.2	14.4
196	-0.384510	-0.384520	0.000033	1.290316	481.588844	0.004033	0.000004	0.004033	5.2	5.3	11.4
197	-0.358586	-0.358595	0.000031	1.157262	484.480779	0.004996	0.000004	0.004996	5.5	5.6	12.3
198	-0.361352	-0.361361	0.000031	0.286510	504.299081	0.005828	0.000004	0.005828	5.6	5.8	12.5
199	-0.353494	-0.353504	0.000033	0.000000	511.179401	0.004132	0.000004	0.004132	4.8	5.6	11.5
200	-0.366465	-0.366474	0.000031	0.992334	488.114070	0.003592	0.000004	0.003592	5.4	5.7	12.3
201	-0.357790	-0.357799	0.000029	1.606086	474.861834	0.003387	0.000004	0.003387	5.4	5.7	12.2
202	-0.354224	-0.354232	0.000029	0.652185	495.782189	0.003175	0.000004	0.003175	5.1	6.5	12.8
203	-0.379641	-0.379651	0.000032	1.651626	473.907152	0.004735	0.000004	0.004735	6.1	6.3	13.4
204	-0.369800	-0.369810	0.000031	2.632106	454.245054	0.004245	0.000004	0.004245	5.1	5.5	11.4
205	-0.394591	-0.394600	0.000029	3.632106	435.803877	0.003205	0.000004	0.003205	5.8	5.9	12.9
206	-0.359089	-0.359098	0.000032	4.343033	423.578640	0.003172	0.000004	0.003172	5.6	6.2	13.1
207	-0.375757	-0.375766	0.000031	5.205422	409.639167	0.003444	0.000004	0.003444	5.1	5.9	12.1
208	-0.381717	-0.381726	0.000030	6.177797	394.982991	0.003365	0.000004	0.003365	5.4	6.4	13.2
209	-0.376229	-0.376237	0.000028	5.223732	409.353158	0.003908	0.000003	0.003908	4.9	5.1	11.5
210	-0.364297	-0.364306	0.000031	6.217775	394.402833	0.002679	0.000004	0.002679	5.6	6.2	13.4
211	-0.356592	-0.356601	0.000030	5.264253	408.721603	0.004366	0.000004	0.004366	5.9	5.2	12.1
212	-0.392628	-0.392638	0.000033	6.264250	393.730522	0.004353	0.000004	0.004353	5.0	5.6	13.3
213	-0.353354	-0.353365	0.000034	5.309409	408.020096	0.003997	0.000004	0.003997	6.4	6.4	14.5
214	-0.356293	-0.356303	0.000033	6.281012	393.488606	0.003260	0.000004	0.003260	5.9	6.1	13.3
215	-0.367308	-0.367318	0.000033	5.326171	407.760308	0.003822	0.000004	0.003822	6.5	6.6	14.6
216	-0.340045	-0.340055	0.000032	5.690723	402.190960	0.003362	0.000004	0.003362	5.3	5.0	11.4
217	-0.369771	-0.369781	0.000033	4.743122	416.995554	0.005612	0.000004	0.005612	4.9	6.3	12.9
218	-0.369762	-0.369771	0.000032	3.788280	433.058171	0.003034	0.000004	0.003034	5.6	5.8	13.0
219	-0.377329	-0.377339	0.000035	4.788280	416.265343	0.004031	0.000004	0.004031	5.0	4.9	10.9
220	-0.386316	-0.386326	0.000033	3.833492	432.269745	0.003505	0.000004	0.003505	5.8	6.0	12.9
221	-0.363105	-0.363115	0.000033	2.878651	449.555022	0.004074	0.000004	0.004074	6.3	5.4	13.0
222	-0.365193	-0.365202	0.000032	3.799983	432.853814	0.004200	0.000004	0.004200	4.9	5.6	11.7
223	-0.361790	-0.361800	0.000034	2.855030	450.000173	0.003992	0.000004	0.003992	5.9	6.1	13.3
224	-0.380868	-0.380879	0.000038	3.855030	431.895178	0.004161	0.000005	0.004161	5.5	5.3	11.9
225	-0.350363	-0.350373	0.000033	2.913493	448.900023	0.003878	0.000004	0.003878	6.6	6.6	14.4
226	-0.370654	-0.370665	0.000037	1.966326	467.413361	0.003960	0.000004	0.003960	5.8	5.1	12.4
227	-0.371859	-0.371869	0.000032	1.078431	486.210614	0.004112	0.000004	0.004112	5.0	6.5	12.8
228	-0.360789	-0.360799	0.000035	0.123589	508.188606	0.003364	0.000004	0.003364	5.7	6.2	13.4
229	-0.358107	-0.358118	0.000036	0.000000	511.179401	0.003739	0.000004	0.003739	4.7	5.1	10.9
230	-0.366273	-0.366283	0.000036	0.972278	488.559601	0.003439	0.000004	0.003439	5.4	6.2	12.9
231	-0.347422	-0.347432	0.000035	0.017437	510.755311	0.003478	0.000004	0.003478	5.8	5.8	12.6
232	-0.371230	-0.371241	0.000035	0.000000	511.179401	0.003119	0.000004	0.003119	4.9	5.2	11.2
233	-0.375552	-0.375563	0.000037	0.835823	491.612685	0.003458	0.000004	0.003458	5.9	5.9	12.8
234	-0.354911	-0.354922	0.000038	1.835814	470.084737	0.004116	0.000004	0.004116	6.1	6.2	13.5
235	-0.348758	-0.348769	0.000037	0.888632	490.426609	0.003220	0.000004	0.003220	5.4	6.3	13.3
236	-0.360855	-0.360865	0.000033	1.697423	472.950938	0.003442	0.000004	0.003442	5.9	5.6	12.8
237	-0.362564	-0.362575	0.000035	0.748225	493.592801	0.004236	0.000004	0.004236	4.9	4.9	11.3
238	-0.368659	-0.368669	0.000036	1.745420	471.952915	0.003550	0.000004	0.003550	5.9	6.2	13.9
239	-0.344077	-0.344088	0.000036	0.846599	491.370177	0.004594	0.000004	0.004594	5.6	5.3	12.1
240	-0.388953	-0.388964	0.000035	0.000000	511.179401	0.003063	0.000004	0.003063	5.3	7.4	13.8
241	-0.362546	-0.362557	0.000036	0.000000	511.179401	0.003295	0.000004	0.003295	5.6	6.0	12.5
242	-0.384070	-0.384081	0.000036	0.000000	511.179401	0.003697	0.000004	0.003697	4.9	5.1	10.9
243	-0.367151	-0.367162	0.000036	0.000000	511.179401	0.003791	0.000004	0.003791	6.0	6.0	13.1
244	-0.364436	-0.364448	0.000039	0.000000	511.179401	0.003942	0.000004	0.003942	6.2	5.5	12.7
245	-0.367432	-0.367443	0.000039	0.804811	492.311885	0.003033	0.000004	0.003033	4.9	5.9	11.9
246	-0.378464	-0.378474	0.000034	1.804743	470.725215	0.003574	0.000004	0.003574	5.9	6.2	13.7
247	-0.362926	-0.362938	0.000039	1.843250	469.931706	0.003963	0.000004	0.003962	4.7	5.0	10.8
248	-0.365721	-0.365733	0.000039	0.918536	489.757510	0.002915	0.000004	0.002915	5.3	5.8	12.3
249	-0.361279	-0.361290	0.000037	0.128272	508.075985	0.003580	0.000004	0.003580	5.6	6.2	12.8
250	-0.378903	-0.378914	0.000037	0.000000	511.179401	0.003511	0.000004	0.003511	5.4	7.0	13.9
251	-0.363649	-0.363661	0.000040	0.000000	511.179401	0.004172	0.000004	0.004172	6.1	6.8	14.5
252	-0.386744	-0.386756	0.000040	1.000000	487.943974	0.003708	0.000004	0.003708	5.1	5.7	11.7
253	-0.365342	-0.365353	0.000036	0.045220	510.081034	0.002916	0.000004	0.002916	6.0	7.3	14.4
254	-0.362760	-0.362772	0.000039	0.000000	511.179401	0.003430	0.000004	0.003429	5.4	5.4	12.1
255	-0.374424	-0.374436	0.000040	0.000000	511.179401	0.003396	0.000004	0.003396	4.9	5.7	12.1
256	-0.377674	-0.377687	0.000043	0.000000	511.179401	0.004342	0.000005	0.004342	6.3	6.0	14.0
257	-0.359755	-0.359767	0.000038	0.000000	511.179401	0.004240	0.000004	0.004240	4.8	5.0	10.9
258	-0.367605	-0.367617	0.000040	0.000000	511.179401	0.002914	0.000004	0.002914	5.7	6.0	12.7
259	-0.373913	-0.373925	0.000038	0.000000	511.179401	0.005009	0.000004	0.005009	5.8	6.3	13.3
260	-0.362117	-0.362129	0.000040	0.000000	511.179401	0.004063	0.000004	0.004063	5.2	5.4	11.8
261	-0.381668	-0.381680	0.000041	0.000000	511.179401	0.003384	0.000004	0.003384	6.5	6.1	14.0
262	-0.369980	-0.369992	0.000041	0.000000	511.179401	0.003953	0.000004	0.003953	5.1	5.3	11.4
263	-0.366156	-0.366168	0.000040	0.000000	511.179401	0.004900	0.000004	0.004900	5.4	5.9	12.5
264	-0.372453	-0.372465	0.000040	0.000000	511.179401	0.003800	0.000004	0.003800	5.5	6.1	12.9
265	-0.376332	-0.376344	0.000040	0.488838	499.550864	0.003405	0.000004	0.003405	4.9	5.6	11.5
266	-0.368869	-0.368881	0.000041	0.000000	511.179401	0.003264	0.000004	0.003264	6.2	6.1	14.1
267	-0.377801	-0.377813	0.000041	0.998680	487.973260	0.004063	0.000004	0.004063	5.4	5.0	11.6
268	-0.365695	-0.365707	0.000042	1.998679	466.755819	0.002939	0.000004	0.002939	5.0	5.7	12.4
269	-0.390716	-0.390729	0.000041	1.051383	486.806998	0.003600	0.000004	0.003600	6.6	5.9	13.8
270	-0.375628	-0.375641	0.000041	1.964280	467.454995	0.004293	0.000004	0.004293	5.0	5.1	11.1
271	-0.383451	-0.383464	0.000042	2.937982	448.440792	0.004102	0.000004	0.004102	5.6	6.2	12.8
272	-0.366797	-0.366810	0.000042	2.026026	466.201478	0.004884	0.000004	0.004884	7.3	5.5	13.9
273	-0.376452	-0.376465	0.000045	1.071185	486.370242	0.004596	0.000005	0.004596	5.1	5.6	12.1
274	-0.357793	-0.357805	0.000043	2.071183	465.288984	0.003570	0.000004	0.003570	5.6	6.0	13.0
275	-0.354600	-0.354612	0.000041	3.071183	445.959274	0.003338	0.000004	0.003338	4.9	5.3	11.3
276	-0.381718	-0.381732	0.000047	3.787781	433.066889	0.002717	0.000005	0.002717	5.6	6.0	13.1
277	-0.368884	-0.368897	0.000044	3.824739	432.422161	0.003596	0.000004	0.003596	6.0	6.2	13.3
278	-0.368527	-0.368540	0.000042	4.055253	428.443790	0.004037	0.000004	0.004037	5.1	5.5	12.4
279	-0.332532	-0.332544	0.000038	3.100412	445.418427	0.003998	0.000004	0.003997	5.7	6.4	13.4
280	-0.357762	-0.357775	0.000045	2.157973	463.545205	0.003327	0.000005	0.003327	5.1	5.1	11.3
281	-0.377813	-0.377827	0.000045	1.203132	483.479880	0.004051	0.000004	0.004051	5.5	6.3	13.0
282	-0.390300	-0.390313	0.000042	0.428434	500.959017	0.003843	0.000004	0.003843	5.8	5.9	12.6
283	-0.376952	-0.376964	0.000040	1.248592	482.491994	0.003528	0.000004	0.003528	5.3	4.9	11.9
284	-0.357914	-0.357928	0.000044	0.352685	502.736188	0.003455	0.000005	0.003455	5.8	5.9	13.4
285	-0.357896	-0.357909	0.000042	1.285622	481.690279	0.003830	0.000004	0.003830	5.5	5.2	12.2
286	-0.359462	-0.359475	0.000042	2.285213	461.012211	0.003165	0.000004	0.003165	5.0	7.2	13.9
287	-0.395586	-0.395599	0.000044	1.331436	480.702066	0.003584	0.000005	0.003584	6.0	5.7	12.7
288	-0.384749	-0.384763	0.000045	0.376598	502.173798	0.004976	0.000005	0.004976	5.0	5.4	11.4
289	-0.397390	-0.397403	0.000044	0.000000	511.179401	0.003312	0.000004	0.003312	6.1	6.3	13.7
290	-0.382184	-0.382198	0.000047	0.646226	495.918664	0.004490	0.000005	0.004490	5.4	5.1	11.7
291	-0.388212	-0.388226	0.000046	1.636639	474.220896	0.003747	0.000005	0.003747	5.3	6.0	12.4
292	-0.354099	-0.354114	0.000050	0.681798	495.105040	0.003954	0.000005	0.003954	6.1	6.0	13.4
293	-0.369936	-0.369950	0.000046	0.000000	511.179401	0.003949	0.000005	0.003949	4.8	5.0	10.8
294	-0.369133	-0.369145	0.000042	0.000000	511.179401	0.003546	0.000004	0.003546	5.6	6.0	12.7
295	-0.360299	-0.360313	0.000045	0.000000	511.179401	0.003578	0.000004	0.003578	5.5	6.0	12.5
296	-0.366336	-0.366350	0.000045	0.999610	487.952613	0.002489	0.000005	0.002489	5.1	5.7	12.0
297	-0.375047	-0.375061	0.000046	1.010661	487.707627	0.003371	0.000005	0.003371	6.4	6.8	14.9
298	-0.362220	-0.362234	0.000047	0.245788	505.265668	0.003847	0.000005	0.003847	5.5	5.7	12.6
299	-0.381358	-0.381372	0.000046	0.000000	511.179401	0.003769	0.000005	0.003769	6.1	6.0	13.5
300	-0.367682	-0.367695	0.000043	0.997740	487.994103	0.003813	0.000004	0.003813	6.2	6.0	13.5
301	-0.375307	-0.375320	0.000043	0.685090	495.029874	0.003383	0.000004	0.003383	4.9	5.6	11.7
302	-0.380063	-0.380077	0.000044	1.671508	473.491559	0.004910	0.000005	0.004910	5.5	5.6	12.5
303	-0.366526	-0.366539	0.000043	0.716802	494.307007	0.002943	0.000004	0.002943	5.3	5.0	11.4
304	-0.355042	-0.355056	0.000049	1.716791	472.547709	0.003644	0.000005	0.003644	5.4	6.0	12.6
305	-0.365546	-0.365560	0.000046	2.716478	452.629081	0.003177	0.000005	0.003177	5.5	5.7	12.6
306	-0.368571	-0.368585	0.000047	1.798196	470.860395	0.004709	0.000005	0.004709	5.2	5.3	12.3
307	-0.348876	-0.348891	0.000051	0.846798	491.365719	0.003799	0.000005	0.003798	6.1	6.3	13.7
308	-0.355931	-0.355947	0.000052	1.717691	472.528980	0.003390	0.000005	0.003390	5.2	5.2	11.4
309	-0.370121	-0.370134	0.000045	0.985610	488.263334	0.003495	0.000005	0.003494	5.2	6.2	12.3
310	-0.384632	-0.384647	0.000049	1.941160	467.926096	0.003451	0.000005	0.003451	5.8	7.2	14.6
311	-0.362064	-0.362079	0.000050	0.986321	488.247560	0.004032	0.000005	0.004032	5.1	5.2	11.7
312	-0.370769	-0.370783	0.000047	1.985168	467.030184	0.003348	0.000005	0.003348	5.6	6.5	13.3
313	-0.391214	-0.391228	0.000046	2.187588	462.953170	0.003421	0.000005	0.003421	5.6	4.9	11.6
314	-0.356309	-0.356323	0.000047	3.187585	443.813120	0.003356	0.000005	0.003356	4.9	5.6	11.5
315	-0.360734	-0.360749	0.000050	2.277149	461.171915	0.003195	0.000005	0.003195	5.5	6.2	13.1
316	-0.376174	-0.376189	0.000048	1.339283	480.533204	0.002658	0.000005	0.002658	5.2	5.2	11.6
317	-0.354409	-0.354423	0.000047	0.480372	499.747740	0.003759	0.000005	0.003759	7.1	6.1	14.5
318	-0.382639	-0.382654	0.000051	1.480372	477.517342	0.003512	0.000005	0.003512	5.7	6.3	13.0
319	-0.366252	-0.366267	0.000049	2.479225	457.202804	0.004543	0.000005	0.004543	5.1	6.0	12.0
320	-0.393338	-0.393353	0.000049	1.525813	476.554052	0.005072	0.000005	0.005072	6.0	6.3	13.7
321	-0.339026	-0.339041	0.000050	2.525540	456.302706	0.003395	0.000005	0.003395	5.2	5.2	11.8
322	-0.359891	-0.359907	0.000051	1.570698	475.606352	0.004498	0.000005	0.004498	5.5	5.8	12.9
323	-0.382551	-0.382567	0.000054	0.615957	496.613090	0.003854	0.000005	0.003854	5.7	5.6	12.4
324	-0.366195	-0.366210	0.000050	1.615814	474.657571	0.003275	0.000005	0.003275	4.8	4.9	11.1
325	-0.371524	-0.371540	0.000053	0.753701	493.468549	0.003581	0.000005	0.003581	5.4	6.0	12.6
326	-0.364502	-0.364517	0.000051	0.000000	511.179401	0.003060	0.000005	0.003060	5.8	5.3	12.2
327	-0.356717	-0.356732	0.000051	0.000000	511.179401	0.003844	0.000005	0.003844	5.3	6.7	13.3
328	-0.383267	-0.383283	0.000053	0.000000	511.179401	0.003893	0.000005	0.003893	5.9	7.8	14.6
329	-0.346383	-0.346400	0.000056	1.000000	487.943974	0.003729	0.000005	0.003729	5.4	5.5	12.2
330	-0.371162	-0.371179	0.000055	2.000000	466.729019	0.003745	0.000005	0.003745	5.6	6.0	12.8
331	-0.370868	-0.370884	0.000053	1.045158	486.944443	0.003311	0.000005	0.003311	5.6	7.3	14.0
332	-0.350538	-0.350553	0.000052	0.090318	508.990305	0.004504	0.000005	0.004503	5.6	6.3	13.6
333	-0.361449	-0.361464	0.000052	0.000000	511.179401	0.006657	0.000005	0.006657	5.6	5.9	13.1
334	-0.376883	-0.376898	0.000050	0.996905	488.012621	0.002872	0.000005	0.002872	5.3	6.1	13.2
335	-0.380880	-0.380895	0.000050	0.435431	500.795497	0.003543	0.000005	0.003543	6.5	6.1	13.7
336	-0.364279	-0.364294	0.000051	0.000000	511.179401	0.004320	0.000005	0.004320	5.3	5.3	11.4
337	-0.368040	-0.368056	0.000052	0.976436	488.467156	0.003319	0.000005	0.003319	5.4	6.6	13.1
338	-0.359731	-0.359747	0.000054	1.976436	467.207673	0.003190	0.000005	0.003190	6.0	6.4	13.7
339	-0.366714	-0.366731	0.000054	1.069718	486.402561	0.003867	0.000005	0.003867	5.7	5.4	12.8
340	-0.376737	-0.376751	0.000049	2.069562	465.321674	0.004161	0.000005	0.004161	5.9	5.7	13.2
341	-0.388202	-0.388218	0.000053	3.069550	445.989531	0.003540	0.000005	0.003540	4.8	5.0	10.8
342	-0.364618	-0.364634	0.000053	2.148743	463.730040	0.003489	0.000005	0.003489	4.9	6.7	13.5
343	-0.372883	-0.372899	0.000053	2.717658	452.606547	0.003666	0.000005	0.003666	5.3	5.5	12.0
344	-0.372678	-0.372694	0.000052	3.504567	438.072118	0.003292	0.000005	0.003292	5.5	5.2	11.6
345	-0.379104	-0.379120	0.000054	2.619377	454.489856	0.002934	0.000005	0.002934	6.1	6.0	13.4
346	-0.392972	-0.392990	0.000057	1.670996	473.502244	0.003275	0.000005	0.003275	5.8	5.4	12.3
347	-0.402087	-0.402105	0.000060	0.716358	494.317114	0.004256	0.000005	0.004256	5.1	6.3	13.6
348	-0.369033	-0.369049	0.000055	0.000000	511.179401	0.004136	0.000005	0.004136	6.0	6.3	13.8
349	-0.363225	-0.363244	0.000063	0.000000	511.179401	0.003853	0.000006	0.003852	4.9	5.2	11.4
350	-0.375906	-0.375925	0.000061	0.000000	511.179401	0.003996	0.000005	0.003996	5.5	5.8	12.9
351	-0.353050	-0.353068	0.000058	0.000000	511.179401	0.003519	0.000005	0.003519	5.8	5.9	12.9
352	-0.353760	-0.353777	0.000056	0.000000	511.179401	0.003980	0.000005	0.003980	4.7	6.1	11.9
353	-0.381313	-0.381331	0.000060	0.999486	487.955379	0.003608	0.000005	0.003607	6.4	6.1	13.4
354	-0.344815	-0.344831	0.000054	0.044723	510.093066	0.002939	0.000005	0.002939	5.3	5.4	11.5
355	-0.357960	-0.357977	0.000058	0.000000	511.179401	0.003055	0.000005	0.003055	5.7	6.0	13.1
356	-0.363438	-0.363455	0.000057	0.835769	491.613884	0.003990	0.000005	0.003990	5.7	6.1	12.7
357	-0.381925	-0.381942	0.000057	1.128581	485.108708	0.004271	0.000005	0.004271	5.1	6.3	12.6
358	-0.367079	-0.367096	0.000057	2.128581	464.134284	0.003718	0.000005	0.003718	6.4	6.3	14.6
359	-0.355983	-0.356001	0.000061	2.518752	456.434397	0.005072	0.000005	0.005072	4.7	5.3	10.9
360	-0.341297	-0.341315	0.000060	1.564166	475.744031	0.003315	0.000005	0.003315	5.1	6.0	12.4
361	-0.390581	-0.390599	0.000058	2.564166	455.554730	0.003501	0.000005	0.003501	5.7	6.0	12.7
362	-0.360478	-0.360495	0.000058	1.743117	472.000714	0.003785	0.000005	0.003784	4.9	5.0	11.1
363	-0.374414	-0.374431	0.000057	0.818559	492.001669	0.003883	0.000005	0.003883	5.6	6.3	13.0
364	-0.375890	-0.375907	0.000057	1.671579	473.490069	0.003873	0.000005	0.003873	6.1	5.8	12.8
365	-0.364664	-0.364681	0.000058	2.671579	453.487599	0.003109	0.000005	0.003109	5.2	7.6	14.0
366	-0.367216	-0.367235	0.000064	3.666948	435.188318	0.004439	0.000005	0.004439	5.7	6.0	12.8
367	-0.379259	-0.379278	0.000062	4.646215	418.571216	0.003362	0.000005	0.003362	5.4	5.5	12.3
368	-0.375424	-0.375441	0.000057	3.743024	433.850259	0.003388	0.000005	0.003388	6.6	6.2	14.2
369	-0.358764	-0.358782	0.000061	2.788291	451.262652	0.003658	0.000005	0.003658	4.9	4.9	11.0
370	-0.369171	-0.369188	0.000057	3.788291	433.057983	0.004099	0.000005	0.004099	4.8	6.0	11.9
371	-0.367866	-0.367882	0.000056	2.875907	449.606690	0.003086	0.000005	0.003086	7.5	5.4	14.1
372	-0.349537	-0.349555	0.000060	3.847518	432.025743	0.003822	0.000005	0.003822	4.8	5.2	11.0
373	-0.375335	-0.375354	0.000062	4.821018	415.737578	0.004140	0.000005	0.004140	6.0	5.9	12.9
374	-0.378978	-0.378997	0.000061	4.035949	428.774140	0.003128	0.000006	0.003128	5.7	6.2	13.0
375	-0.386166	-0.386185	0.000061	3.207134	443.454712	0.003427	0.000005	0.003427	5.1	6.0	12.3
376	-0.358480	-0.358499	0.000064	2.252576	461.659283	0.003854	0.000006	0.003854	6.2	6.0	13.8
377	-0.349553	-0.349570	0.000059	2.216300	462.380630	0.004255	0.000005	0.004255	5.1	5.4	11.5
378	-0.368265	-0.368284	0.000062	2.502586	456.748350	0.004476	0.000005	0.004476	6.1	6.3	13.5
379	-0.343258	-0.343277	0.000064	1.547777	476.089843	0.003583	0.000005	0.003583	6.5	5.3	13.0
380	-0.373607	-0.373627	0.000065	2.547701	455.873270	0.003692	0.000006	0.003692	4.9	5.9	12.0
381	-0.385156	-0.385174	0.000059	1.592860	475.139829	0.005096	0.000005	0.005096	6.3	6.2	13.6
382	-0.373267	-0.373286	0.000062	1.861585	469.554828	0.003372	0.000005	0.003371	6.3	5.5	13.0
383	-0.369611	-0.369632	0.000071	0.907079	490.013639	0.004039	0.000006	0.004038	5.8	5.9	12.6
384	-0.363880	-0.363899	0.000063	0.000000	511.179401	0.003594	0.000005	0.003594	6.2	6.0	13.3
385	-0.376053	-0.376071	0.000059	0.000000	511.179401	0.003150	0.000005	0.003150	5.1	5.6	12.4
386	-0.370543	-0.370561	0.000061	0.000000	511.179401	0.003398	0.000005	0.003398	5.9	6.0	13.8
387	-0.366085	-0.366104	0.000063	0.089187	509.017597	0.002896	0.000005	0.002896	5.2	5.1	11.7
388	-0.363689	-0.363710	0.000068	0.000000	511.179401	0.003982	0.000006	0.003982	5.5	6.1	13.0
389	-0.377585	-0.377603	0.000061	0.000000	511.179401	0.003491	0.000005	0.003491	5.3	5.7	12.3
390	-0.377495	-0.377513	0.000062	0.271697	504.650253	0.003808	0.000005	0.003808	4.9	6.6	12.6
391	-0.352375	-0.352395	0.000066	0.000000	511.179401	0.003111	0.000006	0.003111	5.8	6.3	13.6
392	-0.382580	-0.382599	0.000063	0.999969	487.944663	0.003504	0.000005	0.003504	4.9	5.2	11.1
393	-0.369804	-0.369823	0.000065	0.317081	503.575850	0.003192	0.000006	0.003191	5.5	6.1	12.7
394	-0.376335	-0.376355	0.000066	0.000000	511.179401	0.004863	0.000005	0.004863	5.4	6.2	13.0
395	-0.386191	-0.386209	0.000061	0.000000	511.179401	0.003688	0.000005	0.003688	4.9	5.2	11.3
396	-0.364468	-0.364486	0.000059	0.988388	488.201666	0.003353	0.000005	0.003353	5.8	6.3	13.3
397	-0.374326	-0.374344	0.000063	0.033549	510.364066	0.004081	0.000005	0.004081	6.4	5.1	12.7
398	-0.363672	-0.363693	0.000070	0.000000	511.179401	0.003992	0.000006	0.003991	5.1	6.3	12.6
399	-0.388848	-0.388867	0.000065	0.000000	511.179401	0.003687	0.000006	0.003687	5.6	5.5	12.2
400	-0.375791	-0.375811	0.000066	0.999988	487.944250	0.003408	0.000005	0.003408	4.8	4.9	10.6
401	-0.364740	-0.364761	0.000070	1.999988	466.729271	0.003421	0.000006	0.003421	6.7	6.2	14.2
402	-0.363285	-0.363305	0.000069	1.045952	486.926920	0.004274	0.000006	0.004274	5.6	5.3	11.9
403	-0.393687	-0.393707	0.000068	0.095402	508.867647	0.003896	0.000006	0.003896	5.4	6.3	12.7
404	-0.367924	-0.367945	0.000067	1.095402	485.837170	0.003612	0.000006	0.003612	6.4	6.0	14.3
405	-0.358417	-0.358437	0.000068	0.140685	507.777664	0.003739	0.000006	0.003739	5.3	5.0	11.6
406	-0.373485	-0.373505	0.000067	0.077599	509.297461	0.003926	0.000006	0.003926	7.1	7.1	15.4
407	-0.378948	-0.378968	0.000069	0.844848	491.409575	0.003853	0.000006	0.003853	5.6	5.3	12.0
408	-0.371710	-0.371732	0.000073	0.000000	511.179401	0.003316	0.000006	0.003316	5.0	7.4	13.6
409	-0.381147	-0.381167	0.000067	0.000000	511.179401	0.003459	0.000006	0.003459	5.3	6.2	12.6
410	-0.383147	-0.383167	0.000066	0.000000	511.179401	0.002951	0.000005	0.002951	4.9	5.0	11.0
411	-0.371761	-0.371782	0.000070	0.000000	511.179401	0.003689	0.000006	0.003689	5.6	5.9	12.5
412	-0.360543	-0.360563	0.000065	0.909813	489.952499	0.003809	0.000005	0.003809	5.9	6.0	13.1
413	-0.365389	-0.365409	0.000067	1.836357	470.073541	0.003552	0.000005	0.003552	5.0	6.5	12.8
414	-0.356810	-0.356831	0.000070	2.834322	450.391133	0.003242	0.000006	0.003242	5.9	6.2	13.5
415	-0.364837	-0.364858	0.000069	3.830356	432.324349	0.003526	0.000006	0.003526	5.1	5.2	11.3
416	-0.366450	-0.366470	0.000067	4.824353	415.683885	0.004240	0.000005	0.004240	5.3	6.3	12.8
417	-0.372807	-0.372828	0.000069	5.817706	400.286569	0.005203	0.000006	0.005202	6.1	5.4	13.2
418	-0.343491	-0.343511	0.000069	6.810597	385.995579	0.004210	0.000006	0.004210	4.7	5.8	11.7
419	-0.366444	-0.366465	0.000069	5.859028	399.670737	0.002993	0.000006	0.002993	5.8	5.8	13.3
420	-0.374717	-0.374737	0.000067	4.904211	414.402412	0.003345	0.000006	0.003345	5.2	5.5	11.6
421	-0.408256	-0.408277	0.000069	5.904190	398.999837	0.003822	0.000006	0.003822	5.3	7.3	14.0
422	-0.365770	-0.365793	0.000076	4.971652	413.326327	0.004149	0.000006	0.004149	5.6	6.0	12.7
423	-0.371027	-0.371047	0.000068	4.249198	425.152813	0.003262	0.000006	0.003262	5.4	5.9	12.7
424	-0.382820	-0.382841	0.000071	3.294385	441.862071	0.003715	0.000006	0.003715	5.7	5.8	12.9
425	-0.370654	-0.370674	0.000069	4.285183	424.547752	0.003328	0.000006	0.003327	5.4	4.9	11.4
426	-0.361332	-0.361354	0.000074	5.284768	408.402598	0.003423	0.000006	0.003423	5.0	8.9	15.3
427	-0.383737	-0.383759	0.000076	6.272751	393.607797	0.003212	0.000006	0.003212	5.0	5.1	11.8
428	-0.382299	-0.382319	0.000065	5.317909	407.888303	0.003594	0.000005	0.003594	4.9	5.4	11.6
429	-0.367308	-0.367331	0.000074	4.363073	423.243965	0.003760	0.000006	0.003760	6.0	7.2	14.5
430	-0.379231	-0.379252	0.000070	5.363073	407.189540	0.003131	0.000006	0.003131	5.0	5.1	11.0
431	-0.382434	-0.382457	0.000075	6.199668	394.665380	0.003003	0.000006	0.003003	5.4	6.0	12.6
432	-0.382606	-0.382628	0.000072	5.244827	409.024128	0.003036	0.000006	0.003036	5.7	6.3	13.0
433	-0.379218	-0.379240	0.000073	4.303353	424.242881	0.003237	0.000006	0.003237	5.4	5.1	11.6
434	-0.374192	-0.374214	0.000072	5.272767	408.589140	0.003765	0.000006	0.003765	6.1	7.1	14.5
435	-0.367768	-0.367790	0.000073	5.136164	410.724679	0.004165	0.000006	0.004164	4.8	5.0	10.9
436	-0.389725	-0.389745	0.000069	4.246225	425.202881	0.003356	0.000005	0.003356	4.8	5.9	11.8
437	-0.381034	-0.381057	0.000076	3.291525	441.914093	0.004175	0.000006	0.004175	6.2	5.9	13.2
438	-0.373006	-0.373026	0.000069	2.342596	459.878909	0.004702	0.000006	0.004702	4.9	5.4	11.2
439	-0.385684	-0.385707	0.000075	1.388332	479.480445	0.003436	0.000006	0.003435	7.7	6.4	15.3
440	-0.370573	-0.370596	0.000077	0.433491	500.840837	0.004772	0.000006	0.004772	5.2	5.0	11.2
441	-0.377837	-0.377859	0.000072	1.433478	478.515528	0.004172	0.000006	0.004172	5.1	6.4	12.6
442	-0.364481	-0.364502	0.000071	0.478636	499.788131	0.005198	0.000006	0.005198	5.6	6.2	13.1
443	-0.378144	-0.378167	0.000076	0.000000	511.179401	0.003624	0.000006	0.003624	4.9	5.4	11.2
444	-0.363608	-0.363629	0.000073	1.000000	487.943974	0.003148	0.000006	0.003148	5.9	5.6	13.7
445	-0.389188	-0.389210	0.000072	1.999984	466.729341	0.004069	0.000006	0.004069	5.5	5.0	11.6
446	-0.396430	-0.396453	0.000074	2.999984	447.282273	0.004564	0.000006	0.004563	4.8	5.1	11.3
447	-0.394102	-0.394123	0.000071	2.109026	464.527036	0.004144	0.000006	0.004144	6.0	6.2	13.6
448	-0.360788	-0.360813	0.000081	3.109023	445.259322	0.004201	0.000006	0.004201	5.4	5.3	11.7
449	-0.362679	-0.362701	0.000073	3.928909	430.615209	0.003399	0.000006	0.003399	5.3	6.6	13.1
450	-0.360391	-0.360413	0.000071	2.988587	447.494780	0.003832	0.000006	0.003832	5.8	5.9	12.7
451	-0.371339	-0.371361	0.000074	3.930751	430.583396	0.002976	0.000006	0.002976	5.0	5.1	11.1
452	-0.380849	-0.380872	0.000076	3.013551	447.029573	0.003086	0.000006	0.003086	5.7	6.8	13.7
453	-0.365783	-0.365807	0.000079	2.064538	465.423041	0.004486	0.000006	0.004486	5.6	5.0	11.7
454	-0.361784	-0.361809	0.000084	2.964047	447.953026	0.004929	0.000006	0.004929	4.9	5.8	11.7
455	-0.367866	-0.367889	0.000076	2.009206	466.542288	0.003530	0.000006	0.003530	5.5	6.8	13.5
456	-0.358497	-0.358520	0.000077	3.009206	447.110480	0.003938	0.000006	0.003938	4.9	4.8	10.8
457	-0.376724	-0.376747	0.000077	2.054364	465.628425	0.004706	0.000006	0.004706	5.3	6.1	13.2
458	-0.352964	-0.352987	0.000079	2.802885	450.985974	0.003633	0.000006	0.003633	6.2	5.5	12.9
459	-0.360406	-0.360427	0.000069	3.802883	432.803212	0.003367	0.000005	0.003367	5.0	5.9	12.6
460	-0.381021	-0.381045	0.000079	4.790052	416.236758	0.003438	0.000006	0.003438	6.2	6.4	13.9
461	-0.354195	-0.354219	0.000081	3.835210	432.239849	0.004103	0.000006	0.004103	5.1	7.2	13.8
462	-0.364864	-0.364886	0.000073	2.988092	447.504017	0.003055	0.000006	0.003055	5.8	6.4	13.6
463	-0.380871	-0.380895	0.000079	3.988090	429.595356	0.003900	0.000006	0.003900	6.3	5.4	12.9
464	-0.384186	-0.384207	0.000071	4.412119	422.427085	0.003632	0.000006	0.003632	4.9	6.1	12.2
465	-0.380503	-0.380526	0.000076	3.457356	438.917737	0.004140	0.000006	0.004140	6.7	5.4	13.4
466	-0.381786	-0.381810	0.000080	2.502529	456.749451	0.003450	0.000006	0.003450	5.3	5.0	11.3
467	-0.361393	-0.361416	0.000078	3.498712	438.176812	0.004603	0.000006	0.004603	5.9	6.5	13.6
468	-0.370363	-0.370388	0.000083	2.543871	455.947424	0.003219	0.000006	0.003219	6.1	5.4	12.5
469	-0.364943	-0.364968	0.000083	1.589030	475.220382	0.002993	0.000006	0.002993	5.3	7.4	14.1
470	-0.366302	-0.366325	0.000078	0.634235	496.193520	0.003462	0.000006	0.003462	5.7	6.2	12.8
471	-0.381386	-0.381410	0.000081	0.000000	511.179401	0.003747	0.000006	0.003747	5.0	5.1	11.0
472	-0.359171	-0.359195	0.000080	0.000000	511.179401	0.003250	0.000006	0.003250	5.8	6.2	13.9
473	-0.372820	-0.372844	0.000081	0.000000	511.179401	0.003836	0.000006	0.003836	5.0	5.2	11.4
474	-0.383148	-0.383170	0.000075	0.972772	488.548613	0.003672	0.000006	0.003672	4.7	6.1	12.0
475	-0.396009	-0.396033	0.000082	0.017931	510.743295	0.003951	0.000006	0.003951	5.6	6.4	13.2
476	-0.368919	-0.368943	0.000082	1.017931	487.546597	0.004321	0.000006	0.004321	4.7	5.5	11.4
477	-0.358712	-0.358734	0.000075	2.015680	466.411048	0.003189	0.000006	0.003189	5.8	7.9	15.0
478	-0.357714	-0.357739	0.000085	3.015669	446.990148	0.004985	0.000006	0.004985	6.3	5.3	12.7
479	-0.385161	-0.385184	0.000076	3.816051	432.573564	0.003240	0.000006	0.003240	5.2	7.3	13.9
480	-0.389824	-0.389848	0.000081	4.811002	415.898909	0.003729	0.000006	0.003729	6.2	6.2	13.3
481	-0.362379	-0.362404	0.000085	4.348834	423.481707	0.003961	0.000006	0.003961	5.3	5.0	11.4
482	-0.372369	-0.372394	0.000084	3.443135	439.173107	0.003946	0.000006	0.003946	5.8	5.9	12.9
483	-0.374793	-0.374819	0.000086	4.442608	421.920872	0.004233	0.000006	0.004233	5.6	5.2	11.9
484	-0.356089	-0.356115	0.000087	5.442608	405.964773	0.003111	0.000006	0.003111	5.0	5.3	11.3
485	-0.393712	-0.393738	0.000087	4.892046	414.597103	0.003452	0.000006	0.003452	6.0	6.5	13.8
486	-0.378043	-0.378067	0.000081	4.057686	428.402191	0.003564	0.000006	0.003564	5.6	5.5	12.3
487	-0.384935	-0.384961	0.000085	5.057686	411.961660	0.003666	0.000006	0.003666	5.6	6.8	13.5
488	-0.359207	-0.359232	0.000083	4.102850	427.631427	0.003832	0.000006	0.003831	5.6	6.2	13.0
489	-0.364068	-0.364095	0.000089	4.624226	418.930399	0.003830	0.000007	0.003830	5.5	7.5	14.5
490	-0.381458	-0.381483	0.000082	3.669960	435.135174	0.005378	0.000006	0.005378	5.9	6.2	13.7
491	-0.372474	-0.372499	0.000085	4.669960	418.184030	0.004120	0.000006	0.004120	4.8	4.9	10.7
492	-0.384363	-0.384388	0.000085	3.716763	434.311216	0.003651	0.000006	0.003651	5.8	5.9	12.8
493	-0.377404	-0.377430	0.000087	2.761922	451.763424	0.004081	0.000006	0.004080	5.6	5.7	12.3
494	-0.363136	-0.363160	0.000083	1.807081	470.676956	0.003783	0.000006	0.003783	4.8	5.0	11.1
495	-0.371066	-0.371090	0.000082	0.855771	491.163987	0.003343	0.000006	0.003343	6.2	6.4	14.6
496	-0.381824	-0.381851	0.000090	1.855343	469.683062	0.003386	0.000006	0.003386	5.0	5.5	11.8
497	-0.373824	-0.373851	0.000088	2.437013	458.026259	0.003381	0.000006	0.003381	5.5	6.1	13.0
498	-0.368524	-0.368551	0.000089	1.510477	476.878712	0.003662	0.000007	0.003662	6.0	6.4	13.8
499	-0.361990	-0.362018	0.000093	0.557796	497.952928	0.003874	0.000007	0.003874	5.0	5.6	11.9
