1:ItNr	2:Metric	3a:Time	3b:StepSize	4:||Gradient||	Time[ms]
0	-0.559401	0.000000	6.978021	0.009140	53.1
1	-0.555110	0.000000	6.978021	0.009006	0.7
2	-0.550347	0.000000	6.978021	0.007614	0.5
3	-0.560332	0.000000	6.978021	0.008772	0.5
4	-0.566938	0.000000	6.978021	0.012635	0.6
5	-0.550886	0.000000	6.978021	0.008572	0.5
6	-0.550308	0.740962	6.740201	0.013771	0.6
7	-0.550569	1.703367	6.454481	0.010639	0.6
8	-0.558874	0.755718	6.735629	0.008376	0.5
9	-0.538770	0.000000	6.978021	0.015210	0.5
10	-0.564212	0.000000	6.978021	0.005081	0.5
11	-0.583779	0.000000	6.978021	0.009537	0.5
12	-0.567908	0.998957	6.661154	0.007185	0.5
13	-0.576893	1.060107	6.642690	0.003890	0.5
14	-0.585219	0.208329	6.909476	0.013201	0.5
15	-0.555372	0.000000	6.978021	0.006713	0.5
16	-0.564275	0.946571	6.677054	0.006812	0.5
17	-0.570089	1.707023	6.453441	0.007712	0.5
18	-0.553281	2.696505	6.183969	0.008677	0.5
19	-0.577813	3.695809	5.933737	0.011146	0.5
20	-0.566045	4.695804	5.702816	0.008403	0.5
21	-0.577424	5.695742	5.489207	0.008893	0.5
22	-0.548232	5.059099	5.623312	0.007612	0.5
23	-0.549904	4.111829	5.835435	0.010098	0.5
24	-0.563832	3.164184	6.064283	0.008666	0.5
25	-0.597900	2.219981	6.310877	0.007286	0.5
26	-0.569077	3.204946	6.054070	0.014421	0.5
27	-0.554482	2.257301	6.300750	0.007226	0.5
28	-0.569960	2.085059	6.347761	0.005390	0.5
29	-0.576686	2.474507	6.242450	0.006803	0.6
30	-0.563479	3.432637	5.997652	0.006714	0.5
31	-0.555626	2.552717	6.221721	0.007609	0.5
32	-0.585512	3.497003	5.981893	0.011475	0.5
33	-0.559873	3.270821	6.037639	0.009982	0.5
34	-0.547959	2.370961	6.270108	0.011500	0.5
35	-0.542410	1.423343	6.535085	0.013084	2.5
36	-0.574189	0.717072	6.747615	0.015668	0.8
37	-0.551943	0.000000	6.978021	0.015263	0.8
38	-0.552407	1.000000	6.660838	0.006280	0.7
39	-0.557067	0.052793	6.960523	0.007574	0.8
40	-0.557904	0.000000	6.978021	0.011895	0.8
41	-0.571032	0.000000	6.978021	0.015181	0.5
42	-0.554331	0.997124	6.661709	0.018355	0.5
43	-0.546255	1.997124	6.372033	0.010736	0.5
44	-0.577100	1.049466	6.645896	0.008629	0.6
45	-0.550773	2.048084	6.357945	0.005329	0.5
46	-0.561230	1.411475	6.538545	0.013922	0.5
47	-0.574333	0.951933	6.675423	0.017318	0.5
48	-0.542976	1.951933	6.384580	0.012892	0.5
49	-0.556888	2.951933	6.118022	0.006337	0.6
50	-0.559194	3.949154	5.873483	0.016507	0.8
51	-0.548175	4.948638	5.647250	0.008263	0.8
52	-0.560200	5.889189	5.449716	0.010324	0.8
53	-0.556921	6.882444	5.255581	0.004614	0.9
54	-0.569638	7.841401	5.080837	0.008587	0.5
55	-0.555847	6.995605	5.234337	0.007949	0.5
56	-0.569304	7.215891	5.193472	0.005283	0.5
57	-0.556912	8.204724	5.017628	0.016871	0.6
58	-0.558760	9.204649	4.851520	0.007011	0.5
59	-0.591911	10.111887	4.710047	0.004407	0.5
60	-0.557022	10.515126	4.649781	0.012972	0.5
61	-0.566270	9.916964	4.739742	0.006370	0.5
62	-0.596012	10.858800	4.599622	0.006854	0.5
63	-0.559890	11.644000	4.488986	0.007338	0.5
64	-0.565537	12.641554	4.355876	0.006033	0.5
65	-0.573678	13.591426	4.236265	0.013355	0.5
66	-0.586807	14.402945	4.139160	0.005711	0.5
67	-0.571248	13.456255	4.252884	0.010628	0.5
68	-0.551169	12.519827	4.371695	0.009572	0.5
69	-0.564343	11.573033	4.498766	0.013135	0.5
70	-0.546373	12.571268	4.364996	0.010249	0.5
71	-0.561961	11.623609	4.491791	0.008925	0.6
72	-0.559662	10.758206	4.614191	0.004297	0.5
73	-0.552816	9.819650	4.754708	0.007765	0.5
74	-0.586496	10.726595	4.618789	0.014619	0.5
75	-0.574660	9.781085	4.760665	0.006792	0.6
76	-0.543626	8.833480	4.911879	0.004651	0.5
77	-0.556108	9.461785	4.810567	0.010904	0.5
78	-0.586416	9.921477	4.739051	0.014205	0.5
79	-0.568101	10.536335	4.646654	0.007347	0.5
80	-0.574138	11.375518	4.526212	0.010717	0.5
81	-0.566125	12.336765	4.395701	0.007848	0.7
82	-0.578734	13.336748	4.267686	0.013582	0.5
83	-0.561103	12.547604	4.368075	0.007413	0.5
84	-0.591819	13.547381	4.241666	0.006868	0.6
85	-0.563214	14.085261	4.176638	0.011575	0.5
86	-0.581710	14.505104	4.127250	0.006907	0.5
87	-0.564488	13.557706	4.240399	0.013199	0.7
88	-0.583919	14.557694	4.121146	0.011485	0.6
89	-0.565690	13.610035	4.233987	0.002667	0.5
90	-0.574884	13.366116	4.264039	0.007717	0.6
91	-0.547629	12.602594	4.360927	0.006941	0.6
92	-0.559126	11.656008	4.487335	0.006086	0.6
93	-0.555589	10.819143	4.605355	0.014699	0.6
94	-0.570669	9.871498	4.746723	0.013229	0.6
95	-0.561342	8.923851	4.897045	0.006653	0.6
96	-0.582541	8.092021	5.037067	0.007800	0.6
97	-0.549559	8.935025	4.895217	0.004211	0.6
98	-0.582429	8.092856	5.036922	0.005890	0.6
99	-0.573893	8.780382	4.920637	0.011111	0.5
100	-0.570063	7.860903	5.077403	0.011356	0.7
101	-0.576255	6.913246	5.249782	0.002135	0.5
102	-0.551846	7.862646	5.077097	0.006852	0.5
103	-0.549263	8.320185	4.997869	0.011273	0.5
104	-0.561228	8.565899	4.956333	0.009251	0.5
105	-0.572927	8.396675	4.984865	0.012280	0.5
106	-0.574585	7.453562	5.150091	0.010768	0.6
107	-0.556955	6.505975	5.327513	0.012337	0.5
108	-0.578659	7.505975	5.140622	0.004479	0.5
109	-0.529321	7.975431	5.057334	0.008655	0.6
110	-0.555543	7.043718	5.225357	0.009134	0.6
111	-0.580825	6.096403	5.408041	0.009970	0.5
112	-0.550235	5.150753	5.603603	0.007948	0.5
113	-0.563765	6.144072	5.398543	0.009259	0.5
114	-0.573975	7.138366	5.207781	0.008385	0.5
115	-0.584805	6.190903	5.389245	0.007667	0.5
116	-0.552217	6.580292	5.313158	0.004680	0.5
117	-0.572986	7.402179	5.159409	0.006654	0.5
118	-0.564226	6.933811	5.245917	0.010724	0.5
119	-0.558464	6.539019	5.321121	0.009074	0.5
120	-0.570646	5.611706	5.506541	0.012186	0.5
121	-0.558427	4.664049	5.709872	0.010014	0.5
122	-0.587511	4.966583	5.643347	0.006997	0.6
123	-0.569033	4.019147	5.857052	0.006079	0.5
124	-0.570932	3.107143	6.078632	0.005721	0.5
125	-0.564015	3.255833	6.041369	0.012505	0.5
126	-0.565772	4.180894	5.819430	0.005453	0.5
127	-0.543752	3.615614	5.953069	0.007717	0.5
128	-0.577484	2.675419	6.189476	0.008607	0.5
129	-0.545869	1.731961	6.446362	0.008846	0.5
130	-0.569863	2.720501	6.177713	0.005315	0.5
131	-0.596169	1.943921	6.386809	0.012131	0.6
132	-0.555807	2.235431	6.306681	0.008974	0.6
133	-0.553808	3.233824	6.046856	0.013864	0.6
134	-0.561581	2.286165	6.292940	0.010741	0.6
135	-0.569022	3.180672	6.060148	0.007192	0.6
136	-0.570968	2.233016	6.307336	0.012815	0.6
137	-0.552548	1.436687	6.531198	0.010350	0.6
138	-0.569407	2.436687	6.252524	0.012036	0.6
139	-0.569182	1.489028	6.515997	0.006135	0.5
140	-0.563724	2.103221	6.342771	0.008596	0.6
141	-0.561483	2.849393	6.144326	0.008430	0.6
142	-0.558702	1.920041	6.393464	0.012054	0.5
143	-0.553339	0.994075	6.662633	0.008069	0.5
144	-0.552077	1.613180	6.480223	0.008496	0.5
145	-0.543152	2.612745	6.205905	0.007785	0.5
146	-0.579645	1.665477	6.465271	0.009289	0.5
147	-0.574551	0.717843	6.747376	0.014351	0.5
148	-0.579506	0.000000	6.978021	0.008669	0.5
149	-0.563902	1.000000	6.660838	0.004429	0.5
150	-0.553059	1.577795	6.490379	0.010482	0.5
151	-0.588316	2.575954	6.215589	0.007360	0.5
152	-0.563331	1.629131	6.475655	0.011118	0.5
153	-0.574952	0.684467	6.757761	0.004968	0.5
154	-0.561425	1.662913	6.466002	0.007393	0.5
155	-0.570041	1.295743	6.572485	0.009223	0.5
156	-0.593613	0.471723	6.824718	0.006364	0.5
157	-0.558778	1.402373	6.541202	0.004814	0.5
158	-0.562458	0.822709	6.714952	0.012486	0.5
159	-0.584806	1.659293	6.467035	0.003830	0.5
160	-0.568015	0.996820	6.661801	0.006407	0.5
161	-0.567645	1.838641	6.416251	0.013048	0.5
162	-0.542621	0.891004	6.694003	0.007301	0.5
163	-0.550627	1.819047	6.421760	0.005511	0.6
164	-0.571256	2.798236	6.157534	0.017921	0.5
165	-0.568928	3.733834	5.924615	0.003613	0.5
166	-0.563210	4.728348	5.695603	0.011552	0.5
167	-0.550887	3.800084	5.908788	0.007362	0.5
168	-0.555704	2.852534	6.143517	0.009614	0.5
169	-0.565195	3.852171	5.896404	0.006721	0.5
170	-0.537404	3.108354	6.078326	0.016189	0.5
171	-0.547144	4.108240	5.836269	0.017182	0.5
172	-0.569414	5.108240	5.612728	0.006248	0.5
173	-0.568205	4.160583	5.824128	0.006629	0.5
174	-0.593494	3.268695	6.038167	0.004744	1.0
175	-0.571367	3.553032	5.968242	0.010710	0.6
176	-0.572773	4.431696	5.762040	0.008925	0.6
177	-0.560991	5.426014	5.545235	0.004813	0.6
178	-0.568570	4.485111	5.749963	0.009889	0.6
179	-0.566304	3.900919	5.884861	0.005158	0.6
180	-0.586781	2.956890	6.116756	0.011010	0.6
181	-0.575995	3.356275	6.016456	0.011800	0.6
182	-0.585743	4.356275	5.779179	0.005032	0.6
183	-0.572211	5.292637	5.573364	0.003611	0.6
184	-0.564375	5.194602	5.594223	0.014191	0.5
185	-0.578823	4.249672	5.803578	0.007154	0.5
186	-0.554188	4.768006	5.686837	0.009512	0.5
187	-0.565739	4.665376	5.709577	0.008773	0.5
188	-0.558753	5.665363	5.495460	0.010676	0.5
189	-0.581561	5.015299	5.632780	0.014981	0.5
190	-0.586108	6.015299	5.424276	0.007274	0.5
191	-0.592493	6.858622	5.260075	0.007554	0.5
192	-0.598872	5.915091	5.444471	0.006996	0.5
193	-0.562591	5.137254	5.606497	0.009919	0.5
194	-0.557961	6.133638	5.400619	0.005352	0.5
195	-0.570650	5.214854	5.589901	0.012873	0.5
196	-0.576334	6.149622	5.397440	0.004383	0.5
197	-0.601277	5.202474	5.592542	0.013851	0.5
198	-0.551586	4.254872	5.802383	0.006168	0.5
199	-0.564834	5.254439	5.581473	0.011051	0.5
200	-0.571651	4.345156	5.781714	0.006363	0.5
201	-0.572691	3.468230	5.988927	0.008876	0.5
202	-0.556347	3.669790	5.939996	0.008234	0.5
203	-0.552580	2.738722	6.172971	0.007716	0.5
204	-0.569366	3.678768	5.937835	0.007685	0.5
205	-0.565186	4.297313	5.792649	0.007492	0.6
206	-0.554325	5.158596	5.601923	0.017911	0.5
207	-0.561194	4.211371	5.812395	0.007486	0.5
208	-0.562407	4.814056	5.676692	0.013605	0.5
209	-0.559841	3.867655	5.892733	0.006827	0.5
210	-0.572612	2.934926	6.122369	0.005757	0.5
211	-0.571698	2.037746	6.360798	0.009117	0.5
212	-0.566752	1.354158	6.555311	0.005090	0.5
213	-0.564316	0.670693	6.762056	0.009850	0.6
214	-0.576448	0.039546	6.964905	0.006298	0.5
215	-0.560399	0.000000	6.978021	0.011518	0.6
216	-0.581769	0.000000	6.978021	0.010454	0.5
217	-0.581756	0.999998	6.660839	0.006855	0.5
218	-0.552234	0.307149	6.877431	0.011133	0.5
219	-0.540520	1.305374	6.569647	0.014407	0.5
220	-0.575715	0.357716	6.861148	0.011010	0.5
221	-0.557120	0.746257	6.738560	0.006437	0.6
222	-0.566471	1.685723	6.459501	0.010446	0.6
223	-0.561593	2.261594	6.299587	0.014024	0.6
224	-0.551677	1.321757	6.564826	0.010108	0.5
225	-0.555992	1.943449	6.386941	0.016037	0.5
226	-0.551534	0.995820	6.662104	0.006730	0.5
227	-0.573112	1.653161	6.468786	0.005706	0.5
228	-0.581228	1.954827	6.383775	0.006958	0.6
229	-0.581747	2.702993	6.182276	0.009907	0.6
230	-0.574315	3.107622	6.078511	0.009705	0.5
231	-0.575464	4.107608	5.836416	0.011828	0.5
232	-0.572675	5.107589	5.612868	0.010725	0.5
233	-0.568783	6.104275	5.406470	0.013546	0.5
234	-0.584235	5.159030	5.601830	0.005708	0.5
235	-0.576265	4.988069	5.638681	0.005057	0.5
236	-0.564154	5.964132	5.434569	0.005278	0.8
237	-0.554853	6.505784	5.327550	0.007953	0.5
238	-0.553885	5.653922	5.497819	0.008730	0.5
239	-0.552536	4.978346	5.640792	0.011406	0.5
240	-0.562035	4.031733	5.854107	0.005804	0.5
241	-0.587583	3.093301	6.082124	0.010324	0.5
242	-0.560423	2.321540	6.283395	0.008744	0.5
243	-0.556629	1.373882	6.549532	0.005104	0.5
244	-0.552304	0.675992	6.760403	0.005994	0.5
245	-0.566859	1.370037	6.550657	0.013041	0.5
246	-0.578847	0.424719	6.839690	0.012163	0.5
247	-0.563529	1.424719	6.534684	0.008225	0.5
248	-0.559202	0.492354	6.818166	0.007167	0.5
249	-0.598492	1.448811	6.527671	0.011429	0.5
