1:ItNr	2:Metric	3a:Time	3b:StepSize	4:||Gradient||	Time[ms]
0	-0.588738	0.000000	24.927875	0.013621	61.1
1	-0.553263	0.000000	24.927875	0.012836	0.5
2	-0.559787	0.000000	24.927875	0.012143	0.5
3	-0.565317	0.000000	24.927875	0.007255	0.5
4	-0.565387	0.000000	24.927875	0.006140	0.5
5	-0.585876	0.000000	24.927875	0.001572	0.6
6	-0.589669	0.000000	24.927875	0.004587	0.5
7	-0.577357	0.000000	24.927875	0.003784	0.5
8	-0.548591	0.000000	24.927875	0.005636	0.5
9	-0.563261	0.000000	24.927875	0.016419	0.5
10	-0.584775	1.000000	23.794790	0.004922	0.5
11	-0.573508	0.736746	24.082969	0.005942	0.5
12	-0.568842	0.473502	24.378202	0.012572	0.5
13	-0.567920	0.210250	24.680773	0.011174	0.5
14	-0.548441	0.000000	24.927875	0.004454	0.5
15	-0.581324	0.000000	24.927875	0.006372	0.5
16	-0.580275	0.000000	24.927875	0.009124	0.5
17	-0.580308	0.000000	24.927875	0.007909	0.5
18	-0.578639	0.000000	24.927875	0.005172	0.6
19	-0.597042	0.000000	24.927875	0.008136	0.5
20	-0.561200	0.000000	24.927875	0.012852	0.5
21	-0.586028	0.000000	24.927875	0.007866	0.5
22	-0.569543	0.000000	24.927875	0.006905	0.5
23	-0.587272	0.000000	24.927875	0.007945	0.5
24	-0.589173	0.000000	24.927875	0.008004	0.5
25	-0.585426	0.000000	24.927875	0.012250	0.5
26	-0.612598	0.000000	24.927875	0.007448	0.5
27	-0.586378	0.000000	24.927875	0.011632	0.5
28	-0.595177	0.000000	24.927875	0.007729	0.5
29	-0.572686	0.000000	24.927875	0.007935	0.5
30	-0.606617	0.000000	24.927875	0.014841	0.5
31	-0.582556	0.000000	24.927875	0.007050	0.5
32	-0.585246	0.000000	24.927875	0.005771	0.5
33	-0.595578	0.000000	24.927875	0.007432	0.5
34	-0.609818	0.000000	24.927875	0.004072	0.5
35	-0.606501	0.000000	24.927875	0.014385	0.5
36	-0.595649	0.000000	24.927875	0.007817	0.5
37	-0.596149	1.000000	23.794790	0.012322	0.5
38	-0.594713	2.000000	22.760234	0.007362	0.5
39	-0.603097	3.000000	21.811891	0.007351	0.5
40	-0.605839	2.736746	22.053797	0.006791	0.5
41	-0.596962	3.735779	21.163084	0.009291	0.5
42	-0.606126	4.715509	20.356796	0.004989	0.5
43	-0.599802	4.903281	20.209231	0.004867	0.4
44	-0.595485	4.645917	20.412036	0.007807	0.5
45	-0.605946	4.382663	20.623738	0.007823	0.5
46	-0.614796	4.119409	20.839876	0.007952	0.5
47	-0.596929	3.856155	21.060594	0.012649	0.5
48	-0.608178	3.592901	21.286036	0.008894	0.5
49	-0.621796	3.329646	21.516358	0.006450	0.5
50	-0.610275	3.066392	21.751718	0.012351	0.5
51	-0.612420	2.803149	21.992274	0.006543	0.5
52	-0.621444	2.539895	22.238221	0.005397	0.5
53	-0.600252	2.277657	22.488749	0.006377	0.5
54	-0.621421	2.014506	22.745888	0.004416	0.5
55	-0.608729	3.012887	21.800185	0.008014	0.4
56	-0.603387	2.751149	22.040424	0.009918	0.5
57	-0.611019	2.487895	22.287454	0.010363	0.4
58	-0.618966	2.224640	22.540086	0.013763	0.4
59	-0.620846	1.961386	22.798509	0.009648	0.5
60	-0.622931	2.961386	21.847041	0.009499	0.7
61	-0.608304	2.698132	22.089732	0.010665	0.6
62	-0.595694	2.434878	22.337875	0.006814	0.7
63	-0.637516	2.171623	22.591657	0.013380	0.6
64	-0.626951	1.908369	22.851272	0.012460	0.6
65	-0.637566	1.645115	23.116923	0.005678	0.6
66	-0.640380	2.645114	22.139262	0.006194	0.6
67	-0.626137	2.382603	22.387815	0.012244	0.6
68	-0.603066	2.119349	22.642739	0.012669	0.6
69	-0.637936	1.856094	22.903536	0.007964	0.6
70	-0.643023	2.856083	21.943476	0.012160	0.6
71	-0.618415	2.592829	22.188326	0.007095	0.6
72	-0.630039	2.329574	22.438703	0.006798	0.6
73	-0.627520	2.298193	22.468926	0.004941	0.7
74	-0.601499	2.249030	22.516439	0.011194	0.6
75	-0.606978	1.985776	22.774318	0.010161	0.7
76	-0.593137	1.722522	23.038173	0.010832	0.6
77	-0.622923	1.459268	23.308212	0.007552	0.7
78	-0.624238	2.459268	22.314651	0.008971	0.7
79	-0.625847	2.196014	22.567903	0.008755	0.7
80	-0.630470	1.932776	22.826952	0.006642	0.7
81	-0.614477	2.929481	21.876170	0.007370	0.6
82	-0.623144	3.098107	21.723091	0.008595	0.7
83	-0.630051	4.098104	20.857567	0.008270	0.6
84	-0.621136	4.397402	20.611769	0.003913	0.7
85	-0.616727	4.673355	20.390221	0.004561	0.6
86	-0.617483	4.456710	20.563748	0.006410	0.6
87	-0.635875	5.453435	19.788938	0.007684	0.7
88	-0.613888	6.453397	19.068146	0.009754	0.8
89	-0.642020	7.453397	18.397992	0.004750	0.7
90	-0.634093	7.244889	18.533809	0.008451	0.6
91	-0.598822	8.244784	17.900128	0.007944	0.7
92	-0.623734	7.981530	18.062724	0.005397	0.6
93	-0.626340	7.718967	18.227863	0.006103	0.6
94	-0.606848	8.202721	17.925911	0.010148	0.6
95	-0.612313	9.202719	17.332393	0.006623	0.6
96	-0.635288	10.202718	16.776916	0.002413	0.6
97	-0.644486	9.958645	16.909183	0.005881	0.7
98	-0.619631	9.839250	16.974647	0.006407	0.6
99	-0.623310	10.835401	16.443499	0.003578	0.6
100	-0.608104	10.722730	16.501902	0.010994	0.6
101	-0.648613	10.693291	16.517230	0.005191	0.7
102	-0.623682	10.962376	16.378175	0.006119	0.6
103	-0.630867	10.713107	16.506909	0.005234	0.6
104	-0.620354	10.451991	16.643951	0.003375	0.6
105	-0.637969	10.766189	16.479326	0.005945	0.7
106	-0.619190	10.505255	16.615812	0.008855	0.6
107	-0.620792	10.242000	16.755821	0.003768	0.6
108	-0.633386	11.241994	16.236135	0.005321	0.6
109	-0.633921	12.241471	15.747961	0.003651	0.6
110	-0.649047	12.018308	15.854398	0.006707	0.6
111	-0.615397	11.755130	15.981783	0.005895	0.6
112	-0.631926	11.492302	16.111059	0.009573	0.6
113	-0.627621	11.229048	16.242657	0.003699	0.6
114	-0.623850	10.966294	16.376167	0.005817	0.6
115	-0.629809	10.719898	16.503375	0.009206	0.7
116	-0.624678	10.492949	16.622304	0.007914	0.8
117	-0.618406	11.492949	16.110738	0.011465	0.7
118	-0.629597	12.484694	15.633572	0.004761	0.7
119	-0.627805	12.221500	15.757427	0.005505	0.7
120	-0.626534	12.041038	15.843491	0.012762	0.7
121	-0.631045	13.041037	15.378068	0.009830	0.5
122	-0.609115	14.041037	14.939209	0.009146	0.5
123	-0.627247	15.041037	14.524704	0.011584	0.5
124	-0.613578	16.041037	14.132579	0.007708	0.5
125	-0.638257	16.315798	14.028519	0.004012	0.5
126	-0.623357	16.072687	14.120513	0.004624	0.5
127	-0.614548	17.060710	13.753957	0.004817	0.5
128	-0.623435	18.057581	13.402914	0.005771	0.5
129	-0.633758	17.794329	13.493864	0.006426	0.5
130	-0.605585	17.531075	13.586057	0.006789	0.5
131	-0.617737	18.526917	13.243770	0.004928	0.5
132	-0.623086	18.263663	13.332566	0.009274	0.5
133	-0.607547	18.000415	13.422559	0.016728	0.4
134	-0.645138	17.737160	13.513778	0.005679	0.5
135	-0.619420	17.473906	13.606245	0.011273	0.5
136	-0.622775	17.210653	13.699985	0.007984	0.5
137	-0.623049	16.947398	13.795027	0.006443	0.5
138	-0.617629	17.947398	13.440831	0.005000	0.5
139	-0.648738	18.896965	13.120932	0.007740	0.5
140	-0.633960	19.896932	12.800114	0.004596	0.4
141	-0.615782	20.895892	12.494910	0.008825	0.5
142	-0.625415	20.632667	12.573909	0.009445	0.4
143	-0.646016	20.581249	12.589458	0.003500	0.4
144	-0.614837	20.331289	12.665595	0.004167	0.5
145	-0.655079	20.163592	12.717194	0.007299	0.5
146	-0.622200	21.123208	12.427481	0.006060	0.4
147	-0.620456	21.274503	12.383005	0.010603	0.5
148	-0.600414	22.274470	12.096864	0.008902	0.5
149	-0.646637	22.011216	12.170904	0.005543	0.4
150	-0.627136	21.747961	12.245856	0.006431	0.4
151	-0.634695	22.737770	11.968726	0.007985	0.4
152	-0.644331	23.737770	11.701195	0.005932	0.4
153	-0.644095	24.051964	11.619591	0.006471	0.4
154	-0.641579	23.788742	11.687879	0.004746	0.4
155	-0.644466	23.549768	11.750575	0.011958	0.4
156	-0.635641	24.540356	11.494978	0.007267	0.4
157	-0.614666	24.277102	11.561813	0.001610	0.4
158	-0.640123	24.914646	11.401272	0.008456	0.5
159	-0.613777	24.793727	11.431377	0.009024	0.7
160	-0.624686	25.793727	11.187085	0.007639	4.4
161	-0.603489	26.081303	11.118753	0.007929	0.7
162	-0.631087	27.081302	10.887504	0.007087	0.7
163	-0.620793	28.081014	10.665741	0.011393	0.7
164	-0.630948	27.817760	10.723257	0.004515	0.7
165	-0.621344	27.554548	10.781387	0.004546	0.7
166	-0.639180	27.296022	10.839099	0.007760	0.7
167	-0.619437	28.278794	10.622934	0.004133	0.7
168	-0.661649	28.015542	10.679988	0.005580	0.7
169	-0.624761	27.753269	10.737442	0.010317	0.7
170	-0.629341	27.490015	10.795736	0.007845	0.7
171	-0.619145	27.226761	10.854666	0.009840	0.6
172	-0.637144	26.963507	10.914243	0.009364	0.7
173	-0.657944	26.700253	10.974478	0.012439	0.7
174	-0.647590	27.699939	10.749200	0.011292	0.7
175	-0.640728	27.436685	10.807622	0.004666	0.6
176	-0.627243	27.173431	10.866683	0.007623	0.7
177	-0.643284	26.910230	10.926380	0.008515	0.6
178	-0.636560	27.909978	10.703039	0.007679	0.7
179	-0.633111	28.909978	10.488592	0.007668	0.6
180	-0.626660	29.909901	10.282585	0.009578	0.6
181	-0.640261	29.647044	10.335951	0.006620	0.5
182	-0.636666	30.640675	10.137075	0.006306	0.5
183	-0.621870	30.399129	10.184713	0.004083	0.5
184	-0.619977	31.307639	10.007819	0.008554	0.5
185	-0.622020	31.126380	10.042619	0.006712	0.5
186	-0.632821	30.863126	10.093595	0.004137	0.5
187	-0.632789	31.861593	9.902944	0.006101	0.5
188	-0.649143	31.787476	9.916848	0.004670	0.5
189	-0.609345	31.532949	9.964896	0.006492	0.4
190	-0.640480	31.275337	10.014003	0.009931	0.4
191	-0.647846	32.275326	9.826038	0.009194	0.5
192	-0.649993	33.275326	9.644997	0.009362	0.5
193	-0.628223	33.017089	9.691107	0.010698	0.5
194	-0.645454	32.753835	9.738568	0.008564	0.5
195	-0.622121	33.753835	9.560707	0.005226	0.5
196	-0.633465	33.490588	9.606895	0.007417	0.5
197	-0.640170	33.413012	9.620592	0.007931	0.5
198	-0.619998	33.151286	9.667090	0.008984	0.5
199	-0.633364	32.888032	9.714316	0.003125	0.5
200	-0.631271	33.887739	9.537383	0.003530	0.5
201	-0.616494	33.733588	9.564244	0.012162	0.5
202	-0.640439	33.716788	9.567180	0.007365	0.5
203	-0.617709	33.453534	9.613433	0.005462	0.5
204	-0.628755	34.440678	9.442261	0.005697	0.5
205	-0.655965	34.357924	9.456377	0.009311	0.5
206	-0.637062	35.357754	9.288613	0.004849	0.5
207	-0.667864	35.094769	9.332160	0.005594	0.5
208	-0.637710	34.831548	9.376157	0.007659	0.5
209	-0.633417	34.592338	9.416502	0.008733	0.5
210	-0.629248	35.579944	9.252137	0.012255	0.5
211	-0.658480	36.579717	9.091489	0.009739	0.5
212	-0.634397	37.579717	8.936291	0.004957	0.6
213	-0.617300	37.316532	8.976621	0.006903	0.5
214	-0.637095	37.053283	9.017326	0.006128	0.5
215	-0.634886	37.532133	8.943556	0.005462	0.5
216	-0.642146	38.532130	8.793325	0.006253	0.5
217	-0.628432	39.532113	8.648061	0.006553	0.5
218	-0.635748	39.268859	8.685835	0.003417	0.5
219	-0.651873	39.064590	8.715374	0.005504	0.5
220	-0.644608	40.063064	8.572865	0.004542	0.5
221	-0.635024	39.799898	8.609971	0.006388	0.5
222	-0.628737	39.542771	8.646538	0.011077	0.5
223	-0.631156	40.542771	8.506042	0.007220	0.5
224	-0.633150	41.542771	8.370038	0.006690	0.5
225	-0.641896	41.279521	8.405418	0.004717	0.5
226	-0.630187	42.278459	8.272726	0.011713	0.4
227	-0.645785	43.278459	8.144025	0.014584	0.5
228	-0.624376	43.015206	8.177516	0.014241	0.5
229	-0.646680	42.751951	8.211284	0.007436	0.5
230	-0.626224	43.751951	8.084473	0.008302	0.4
231	-0.641858	43.488697	8.117475	0.008781	0.5
232	-0.620472	44.484104	7.994083	0.004506	0.5
233	-0.613680	45.484072	7.873847	0.006352	0.4
234	-0.643404	46.379763	7.769178	0.004386	0.4
235	-0.633053	46.440341	7.762199	0.010143	0.4
236	-0.616510	47.135418	7.683014	0.010337	0.4
237	-0.632620	46.872164	7.712814	0.007009	0.4
238	-0.635104	47.872163	7.600827	0.006339	0.4
239	-0.621132	47.608937	7.629988	0.006644	0.4
240	-0.620850	47.345741	7.659371	0.008704	0.4
241	-0.652465	47.082486	7.688987	0.008764	0.4
242	-0.646917	46.819232	7.718834	0.004523	0.5
243	-0.633659	47.818707	7.606731	0.004380	0.5
244	-0.630770	47.557357	7.635729	0.011412	0.4
245	-0.633861	47.810231	7.607668	0.016824	0.5
246	-0.647561	48.810231	7.498691	0.006163	0.4
247	-0.661356	49.810231	7.392793	0.003578	0.4
248	-0.655507	49.555022	7.419534	0.002854	0.4
249	-0.658650	49.318242	7.444517	0.009293	0.4
