1:ItNr	2:Metric	3a:Time	3b:StepSize	4:||Gradient||	Time[ms]
0	-0.505694	0.000000	9.398781	0.006665	214.2
1	-0.542888	0.000000	9.398781	0.016735	0.6
2	-0.507967	0.000000	9.398781	0.016485	0.6
3	-0.534484	1.000000	8.971563	0.008843	0.6
4	-0.506530	2.000000	8.581495	0.010147	0.7
5	-0.531213	3.000000	8.223933	0.009396	0.6
6	-0.517728	2.052247	8.562046	0.011389	0.5
7	-0.516752	1.276186	8.860331	0.011798	0.5
8	-0.517664	2.276009	8.479735	0.009297	0.5
9	-0.545198	1.328241	8.839675	0.018945	0.5
10	-0.513871	0.380472	9.231526	0.007926	0.5
11	-0.518553	1.380472	8.819045	0.012792	0.5
12	-0.524820	0.439198	9.206240	0.010615	0.6
13	-0.508138	0.000000	9.398781	0.008192	0.6
14	-0.520278	0.999978	8.971573	0.011104	0.5
15	-0.556047	1.999958	8.581511	0.013053	0.5
16	-0.519237	2.999752	8.224018	0.014952	0.7
17	-0.524642	3.946657	7.911858	0.008126	0.5
18	-0.522008	2.998888	8.224314	0.016624	0.5
19	-0.532566	2.051119	8.562465	0.005374	0.5
20	-0.534063	3.051119	8.206454	0.012675	0.5
21	-0.499382	2.637010	8.350227	0.004154	0.5
22	-0.533722	3.636770	8.011375	0.009744	0.5
23	-0.519644	2.985834	8.228790	0.011292	0.5
24	-0.524879	2.115731	8.538531	0.008764	0.5
25	-0.532346	3.115719	8.184471	0.009510	0.5
26	-0.524908	2.167950	8.519286	0.015990	0.5
27	-0.504918	1.220181	8.882663	0.013354	0.5
28	-0.509379	0.272413	9.278421	0.011321	0.5
29	-0.520231	0.000000	9.398781	0.009036	0.5
30	-0.532385	0.000000	9.398781	0.015416	0.5
31	-0.519499	0.999992	8.971567	0.011119	0.5
32	-0.523220	1.999992	8.581498	0.008333	0.5
33	-0.526215	2.898362	8.258909	0.012817	0.5
34	-0.534824	3.898173	7.927264	0.017656	0.5
35	-0.525250	2.950566	8.240907	0.007121	0.5
36	-0.533956	2.002798	8.580452	0.015597	0.5
37	-0.499702	3.002797	8.222975	0.008074	0.5
38	-0.518162	3.995520	7.896391	0.010376	0.6
39	-0.525618	4.994912	7.592809	0.008472	0.6
40	-0.522297	5.994900	7.311544	0.010226	0.5
41	-0.517985	6.970969	7.056402	0.011503	0.6
42	-0.512028	6.023226	7.303880	0.010757	0.5
43	-0.509763	7.023226	7.043243	0.019744	0.6
44	-0.515209	8.023226	6.800567	0.015510	0.6
45	-0.519289	9.023226	6.574057	0.007326	0.6
46	-0.515855	8.075457	6.788351	0.018239	0.6
47	-0.530960	7.127689	7.017085	0.020931	0.6
48	-0.507538	8.127689	6.776178	0.011380	0.6
49	-0.526619	9.127689	6.551262	0.012525	0.6
50	-0.507435	10.127688	6.340798	0.009635	0.7
51	-0.534374	11.127688	6.143436	0.014923	0.6
52	-0.527718	10.179919	6.330177	0.016426	0.5
53	-0.521421	9.232151	6.528626	0.014512	0.5
54	-0.512633	8.284401	6.739916	0.006775	0.5
55	-0.527620	7.336703	6.965327	0.020348	0.5
56	-0.532040	6.388934	7.206355	0.011066	0.5
57	-0.532787	7.388934	6.952512	0.022711	0.5
58	-0.521707	6.441166	7.192639	0.011230	0.5
59	-0.550619	5.493540	7.449906	0.009094	0.5
60	-0.510579	5.234703	7.523409	0.020343	0.5
61	-0.534018	6.234703	7.247165	0.015829	0.5
62	-0.523005	5.286934	7.508460	0.018345	0.5
63	-0.555063	6.286934	7.233293	0.008880	0.5
64	-0.532634	5.339320	7.493527	0.004173	0.5
65	-0.522391	4.508130	7.737705	0.007678	0.5
66	-0.533534	4.835173	7.639755	0.007258	0.5
67	-0.536492	5.185570	7.537525	0.009220	0.5
68	-0.535046	4.313599	7.797168	0.012768	0.5
69	-0.500040	5.313599	7.500851	0.009191	0.5
70	-0.526114	4.365830	7.781113	0.013183	0.5
71	-0.521489	3.418124	8.083110	0.008054	0.5
72	-0.525567	2.480459	8.405900	0.013271	0.5
73	-0.523400	3.480459	8.062528	0.011347	0.5
74	-0.525477	4.282642	7.806716	0.014760	0.5
75	-0.517107	5.068586	7.571350	0.012465	0.5
76	-0.511371	4.120818	7.857005	0.012344	0.5
77	-0.504958	5.120818	7.556210	0.010765	0.5
78	-0.549596	6.031356	7.301683	0.009980	0.5
79	-0.513111	5.083635	7.566982	0.010614	0.5
80	-0.542621	4.452930	7.754486	0.016445	0.5
81	-0.504948	5.452930	7.461343	0.005391	0.5
82	-0.513012	6.452930	7.189557	0.010668	0.5
83	-0.517070	5.733902	7.382925	0.014382	0.8
84	-0.519465	6.733902	7.116719	0.008670	5.1
85	-0.508909	5.786133	7.368529	0.004714	0.9
86	-0.513487	5.120613	7.556270	0.010707	0.8
87	-0.520340	4.174093	7.840378	0.007071	0.6
88	-0.531736	5.094911	7.563712	0.009984	0.6
89	-0.513961	6.075583	7.289756	0.007984	0.6
90	-0.537131	5.130835	7.553314	0.013698	0.6
91	-0.526095	6.055572	7.295148	0.006553	0.5
92	-0.527484	5.107833	7.559969	0.009904	0.5
93	-0.529668	5.525642	7.440890	0.012796	0.6
94	-0.523093	6.525635	7.170566	0.013887	0.5
95	-0.517849	5.577866	7.426269	0.004948	0.5
96	-0.509504	6.577837	7.156993	0.005563	0.5
97	-0.544914	5.633468	7.410766	0.015801	0.5
98	-0.532239	4.685700	7.684213	0.008722	0.6
99	-0.550322	3.737931	7.978614	0.009666	0.5
100	-0.515611	2.790238	8.296445	0.012482	0.5
101	-0.536584	3.790232	7.961781	0.003907	0.5
102	-0.535014	4.778519	7.656545	0.012665	0.6
103	-0.523321	4.691250	7.682553	0.006810	0.6
104	-0.531057	5.691250	7.394723	0.009307	0.5
105	-0.516113	4.756117	7.663205	0.019641	0.5
106	-0.497218	5.756117	7.376795	0.007732	0.5
107	-0.519877	4.816055	7.645413	0.010148	0.5
108	-0.534270	5.816055	7.360307	0.008682	0.5
109	-0.498209	4.868286	7.629976	0.018635	0.5
110	-0.522348	5.868286	7.345999	0.009129	0.6
111	-0.507581	4.920517	7.614601	0.014566	0.5
112	-0.523199	3.998511	7.895446	0.006479	0.6
113	-0.501781	3.051325	8.206384	0.021280	0.5
114	-0.541340	2.280224	8.478200	0.022637	0.8
115	-0.529828	3.280196	8.129028	0.010691	0.8
116	-0.535680	2.332439	8.459227	0.017679	0.7
117	-0.525189	1.384670	8.817391	0.009507	0.8
118	-0.509880	0.436901	9.207226	0.009388	0.8
119	-0.499040	0.000000	9.398781	0.017637	0.8
120	-0.525131	0.000000	9.398781	0.010542	0.8
121	-0.516176	0.999963	8.971578	0.006404	0.8
122	-0.506981	0.737038	9.080096	0.016623	0.7
123	-0.531360	0.311574	9.261371	0.005874	0.6
124	-0.519254	0.000000	9.398781	0.010541	0.6
125	-0.529384	0.000000	9.398781	0.010146	0.7
126	-0.519724	0.000000	9.398781	0.007488	0.6
127	-0.518783	0.000000	9.398781	0.012674	0.6
128	-0.540885	1.000000	8.971563	0.016783	0.6
129	-0.542229	2.000000	8.581495	0.017983	0.6
130	-0.532514	1.052231	8.950314	0.007703	0.6
131	-0.523137	0.104463	9.352259	0.011398	0.6
132	-0.542348	0.000000	9.398781	0.008065	0.6
133	-0.508475	0.938174	8.996847	0.020962	0.5
134	-0.523655	1.938174	8.604625	0.008314	0.5
135	-0.537095	2.935085	8.246238	0.012368	0.6
136	-0.532304	3.813177	7.954419	0.011539	0.5
137	-0.521167	4.813177	7.646265	0.006300	0.5
138	-0.511434	3.865412	7.937709	0.012867	0.5
139	-0.524395	2.917672	8.252241	0.007034	0.5
140	-0.526309	3.917517	7.921110	0.019146	0.6
141	-0.513515	2.969751	8.234311	0.011538	0.5
142	-0.508978	2.034223	8.568746	0.010001	0.6
143	-0.505030	3.034223	8.212223	0.017554	0.5
144	-0.508282	2.086454	8.549359	0.008363	0.5
145	-0.529707	3.086454	8.194415	0.015959	0.5
146	-0.532268	4.086454	7.867768	0.008378	0.5
147	-0.505692	3.145380	8.174417	0.012162	0.6
148	-0.522494	4.145292	7.849358	0.007053	0.5
149	-0.513288	3.197524	8.156801	0.013385	0.5
150	-0.537863	4.197524	7.833087	0.011161	0.5
151	-0.508606	3.249756	8.139232	0.003609	0.5
152	-0.527070	3.046914	8.207889	0.004464	0.5
153	-0.532202	2.152971	8.524798	0.009299	0.5
154	-0.537653	2.783383	8.298836	0.010437	0.5
155	-0.529423	3.347221	8.106650	0.006729	0.5
156	-0.515757	2.577472	8.371313	0.015914	0.5
157	-0.524277	3.573073	8.032141	0.015388	0.5
158	-0.525470	4.573073	7.718055	0.016182	0.5
159	-0.525847	5.573073	7.427609	0.015843	0.5
160	-0.519180	4.625304	7.702324	0.013616	0.5
161	-0.517982	3.677536	7.998140	0.019492	0.5
162	-0.515615	4.677536	7.686656	0.008470	0.6
163	-0.526551	3.729798	7.981238	0.022992	0.6
164	-0.520041	2.841126	8.278736	0.010779	0.6
165	-0.518124	3.841126	7.945469	0.013814	0.6
166	-0.530127	2.893357	8.260639	0.011430	0.6
167	-0.532517	1.945589	8.601845	0.009048	0.5
168	-0.508638	0.997835	8.972446	0.020729	0.5
169	-0.509584	1.199702	8.890858	0.012169	0.5
170	-0.515412	2.199702	8.507626	0.006212	0.6
171	-0.506693	3.199702	8.156067	0.011655	3.1
172	-0.548177	2.265513	8.483561	0.013184	0.6
173	-0.526859	2.682490	8.334191	0.008456	0.5
174	-0.533049	1.735185	8.681451	0.012632	0.5
175	-0.530461	2.735182	8.315689	0.009408	0.5
176	-0.509864	1.787416	8.661552	0.014048	0.5
177	-0.524285	2.787416	8.297429	0.006186	0.5
178	-0.518578	1.841423	8.641073	0.010932	0.5
179	-0.508795	2.767432	8.304406	0.005317	0.5
180	-0.516307	1.863116	8.632874	0.011972	0.5
181	-0.516602	0.921154	9.003832	0.008457	0.5
182	-0.525249	0.000000	9.398781	0.016805	0.5
183	-0.514167	0.999995	8.971565	0.012298	0.8
184	-0.525473	1.491282	8.775596	0.007868	0.6
185	-0.529270	1.413039	8.806231	0.007660	0.5
186	-0.521306	2.413039	8.430106	0.008069	0.5
187	-0.513015	3.413039	8.084794	0.008416	0.5
188	-0.519821	4.280982	7.807228	0.008903	0.5
189	-0.533023	3.336213	8.110317	0.012416	0.5
190	-0.536531	4.336213	7.790209	0.013511	0.5
191	-0.518655	3.388444	8.092947	0.010307	0.6
192	-0.519139	2.440676	8.420167	0.011990	0.6
193	-0.518837	1.492947	8.774946	0.009397	0.5
194	-0.514635	0.547758	9.159858	0.015034	0.5
195	-0.541836	1.547758	8.753615	0.008273	0.5
196	-0.529982	2.547758	8.381876	0.010894	0.5
197	-0.522106	1.599994	8.733383	0.021188	0.5
198	-0.530987	1.220153	8.882675	0.018036	0.5
199	-0.512085	2.220153	8.500133	0.019801	0.5
200	-0.542279	3.220153	8.149180	0.017321	0.5
201	-0.509554	4.220153	7.826058	0.010980	0.5
202	-0.532878	3.272385	8.131644	0.017731	0.5
203	-0.499499	2.324812	8.461993	0.018809	0.5
204	-0.523625	1.377044	8.820396	0.007577	0.5
205	-0.515266	1.617206	8.726737	0.010017	0.5
206	-0.523183	1.697419	8.695896	0.013253	0.5
207	-0.534710	0.749651	9.074831	0.016443	0.5
208	-0.522165	1.749651	8.675931	0.006879	0.5
209	-0.526292	0.802087	9.053004	0.009909	0.5
210	-0.524480	1.703784	8.693458	0.012968	0.5
211	-0.529531	0.756015	9.072176	0.005387	0.5
212	-0.538899	0.000000	9.398781	0.011757	0.6
213	-0.538103	0.000000	9.398781	0.010018	0.6
214	-0.550953	0.000000	9.398781	0.004841	0.6
215	-0.520302	0.970160	8.983749	0.015227	0.7
216	-0.517160	0.022391	9.388770	0.007274	0.7
217	-0.542118	0.962564	8.986856	0.018071	0.8
218	-0.510223	1.962478	8.595518	0.012148	0.6
219	-0.532911	1.014709	8.965569	0.012835	0.6
220	-0.540313	2.014709	8.576011	0.008201	0.6
221	-0.527875	1.066941	8.944348	0.024353	0.5
222	-0.532571	0.119737	9.345495	0.013276	0.5
223	-0.524923	0.000000	9.398781	0.013440	0.5
224	-0.518990	1.000000	8.971563	0.015517	0.5
225	-0.511362	1.999999	8.581496	0.012428	0.5
226	-0.518814	1.052230	8.950314	0.014755	0.5
227	-0.534770	0.104462	9.352259	0.004316	0.5
228	-0.529700	1.104460	8.929166	0.007569	0.5
229	-0.518662	2.104241	8.542778	0.008895	0.6
230	-0.551446	3.104240	8.188368	0.019427	0.6
231	-0.529603	2.156472	8.523509	0.010119	0.5
232	-0.519110	1.208703	8.887254	0.010831	0.5
233	-0.537757	2.208701	8.504328	0.013603	0.5
234	-0.543533	1.260932	8.866403	0.007746	0.5
235	-0.542478	2.260932	8.485231	0.010158	0.5
236	-0.535731	3.260932	8.135483	0.005244	0.5
237	-0.543486	4.260131	7.813673	0.010491	0.5
238	-0.506509	3.312424	8.118252	0.017995	0.5
239	-0.550990	2.364655	8.447563	0.012269	0.5
240	-0.513469	1.416886	8.804719	0.007298	0.5
241	-0.551229	2.217140	8.501236	0.012656	0.5
242	-0.521209	3.215281	8.150820	0.013020	0.5
243	-0.529480	4.215281	7.827571	0.011976	0.5
244	-0.524488	5.215281	7.528983	0.010445	0.5
245	-0.543924	4.267512	7.811390	0.008006	0.5
246	-0.487498	5.253628	7.517985	0.018671	0.5
247	-0.519896	6.253628	7.242133	0.014285	0.5
248	-0.554549	7.253628	6.985807	0.020135	0.5
249	-0.531129	6.305859	7.228280	0.012695	0.5
